rake plego 2 -0.67122 0.0253718 168 88 -0.698657 0.135436 200 85
rake plego 2 -0.528646 0.0177537 168 119 -0.537066 -0.0536516 142 116
rake plego 2 -0.528433 -0.0694319 136 118 -0.558793 0.051918 179 112
rake plego 2 -0.498907 0.0977285 197 127 -0.505659 0.195879 232 126
rake plego 2 -0.522696 -0.00934781 158 120 -0.589577 -0.305134 53 101
rake plego 2 -0.595001 0.0953855 192 104 -0.560855 0.141384 209 112
rake plego 2 -0.584559 -0.146327 110 104 -0.574562 -0.0801958 133 107
rake plego 2 -0.574428 -0.0830323 132 107 -0.560438 -0.0115563 157 111
rake plego 2 -0.560224 -0.0164285 155 111 -0.655235 0.0243757 168 91
rake plego 2 -0.615107 -0.163122 105 97 -0.613561 -0.102796 126 98
