hook ylego 4 -0.587988 -0.153074 107 105 -0.712357 -0.16929 110 81
hook ylego 4 -0.584857 0.0791958 187 106 -0.701111 0.0763857 181 83
hook ylego 4 -0.502769 -0.0904161 127 125 -0.626071 -0.0510268 146 96
hook ylego 4 -1.00715 -0.62433 0 34 -0.698675 -0.307828 61 83
hook ylego 4 -0.56708 -0.0562636 140 110 -0.68423 -0.0654131 138 85
hook ylego 4 -0.52951 -0.0357277 147 121 -0.628676 -0.0525145 145 96
hook ylego 4 -0.487798 0.175613 225 129 -0.620632 0.196155 223 100
hook ylego 4 -0.567701 -0.150718 108 109 -0.611861 -0.112059 125 99
hook ylego 4 -0.615859 -0.131429 114 98 -0.792893 -0.124034 130 64
hook ylego 4 -0.524446 -0.0190433 154 123 -0.668894 -0.0291169 150 88
