stick orange 2 -0.494859 -0.188967 87 129 -0.622416 -0.165519 104 98
stick orange 2 -0.602578 -0.133141 115 104 -0.637784 -0.0146067 155 94
stick orange 2 -0.498229 -0.0935973 124 127 -0.623123 -0.149208 108 98
stick orange 2 -0.617674 -0.140345 113 99 -0.662038 -0.0428456 147 89
stick orange 2 -0.940949 -0.525073 20 43 -0.614415 -0.269425 68 101
stick orange 2 -0.602231 -0.24951 73 102 -0.759879 -0.0601382 145 72
stick orange 2 -0.530304 -0.0333387 149 118 -0.607942 0.0769144 185 101
stick orange 2 -0.524252 0.148905 214 121 -0.47942 0.272473 259 132
stick orange 2 -0.533645 -0.0522212 143 118 -0.638598 0.0667252 182 94
stick orange 2 -0.495912 -0.291985 55 122 -0.556599 -0.1011 124 113
