hook ycup 1 -0.391127 -0.0725083 134 160 -0.50801 -0.182916 166 150
hook ycup 1 -0.559534 -0.14301 109 111 -0.608422 -0.239556 167 149
hook ycup 1 -0.5496 -0.0927482 128 114 -0.609074 -0.186364 169 152
hook ycup 1 -0.51422 -0.0545246 141 123 -0.614155 -0.0499815 172 146
hook ycup 1 -0.541619 0.0251966 169 117 -0.593248 -0.084901 163 142
hook ycup 1 -0.54786 -0.0633916 138 115 -0.432836 -0.121181 164 153
hook ycup 1 -0.540252 -0.0987316 125 117 -0.498447 -0.166712 166 153
hook ycup 1 -0.588489 0.0819277 187 105 -0.592752 -0.0582058 167 147
hook ycup 1 -0.631479 -0.0871741 131 95 -0.582344 -0.225593 174 149
hook ycup 1 -0.563186 -0.0466299 145 111 -0.696424 -0.199042 169 146
