stick wball 3 -0.553556 -0.0754924 133 114 -0.561579 -0.0711757 134 110
stick wball 3 -0.592225 0.184353 220 103 -0.55813 0.171371 219 112
stick wball 3 -0.565831 0.0478909 178 110 -0.587632 0.0207809 167 105
stick wball 3 -0.519995 0.119487 204 121 -0.594341 0.151815 210 104
stick wball 3 -0.606669 0.139034 205 103 -0.57913 0.145813 211 108
stick wball 3 -0.585458 0.104173 194 103 -0.592527 0.101565 193 105
stick wball 3 -0.5137 -0.0411427 236 131 -0.531911 -0.0424448 146 117
stick wball 3 -0.485512 -0.211878 75 131 -0.48658 -0.209504 78 128
stick wball 3 -0.620419 -0.129834 115 97 -0.624047 -0.123286 138 97
stick wball 3 -0.592874 0.162456 218 106 -0.598684 0.17225 215 103
