hook ocup 2 -0.472048 0.202007 236 138 -0.445035 0.358111 297 144
hook ocup 2 -0.515165 0.138427 211 123 -0.425762 0.266697 266 150
hook ocup 2 -0.435143 0.131808 215 144 -0.521703 -0.070431 137 121
hook ocup 2 -0.502918 -0.085538 129 125 -0.576514 -0.00669152 159 108
hook ocup 2 -0.581209 -0.010347 157 106 -0.494666 0.09812 198 129
hook ocup 2 -0.473078 0.140873 216 134 -0.490765 0.270522 260 131
hook ocup 2 -0.565363 0.065274 182 110 -0.506301 0.158561 218 127
hook ocup 2 -0.452106 -0.202234 80 142 -0.492659 -0.167523 97 130
hook ocup 2 -0.504593 -0.124954 114 124 -0.534682 -0.0611959 140 119
hook ocup 2 -0.538829 -0.0583838 140 118 -0.586042 0.0141528 165 105
