stick ocup 2 -0.594052 -0.203867 89 106 -0.637172 -0.0813282 131 94
stick ocup 2 -0.496435 -0.0179288 155 127 -0.413747 0.173037 230 152
stick ocup 2 -0.509924 -0.15974 100 125 -0.59842 -0.203654 92 100
stick ocup 2 -0.589455 -0.200259 90 103 -0.734199 -0.203715 103 70
stick ocup 2 -0.424585 -0.0910981 124 149 -0.482409 0.0824272 192 130
stick ocup 2 -0.555318 -0.00826948 157 113 -0.657075 0.206781 223 92
stick ocup 2 -0.467326 -0.105528 120 135 -0.449486 0.0557889 186 142
stick ocup 2 -0.439725 -0.0158129 156 150 -0.287836 0.170111 244 203
stick ocup 2 -0.470756 -0.0651395 137 134 -0.387361 0.106491 207 162
stick ocup 2 -0.289886 -0.142046 93 205 -0.582134 -0.134223 114 104
