rake wball 2 -0.645626 -0.0737399 136 93 -0.599602 -0.0342366 148 102
rake wball 2 -0.600836 -0.0401595 147 103 -0.656271 -0.064118 139 90
rake wball 2 -0.649518 -0.0614547 138 92 -0.623689 -0.0371409 147 97
rake wball 2 -0.61299 -0.0388448 146 99 -0.678737 0.0796332 183 88
rake wball 2 -0.680642 0.108551 194 87 -0.755119 0.229232 223 76
rake wball 2 -0.600141 -0.130449 116 101 -0.632971 -0.0973395 128 94
rake wball 2 -0.5715 -0.0749223 133 109 -0.617435 -0.0986787 130 96
rake wball 2 -0.61516 -0.102413 127 98 -0.696261 -0.0505976 145 83
rake wball 2 -0.628594 -0.0332514 148 97 -0.695274 0.0739389 181 84
rake wball 2 -0.626658 -0.0225624 152 96 -0.709798 0.0587148 176 81
rake wball 2 -0.668839 0.144215 203 89 -0.760535 0.197139 214 75
