rake sycup 4 -0.541425 -0.122033 112 118 -0.613805 -0.0043039 158 99
rake sycup 4 -0.542221 -0.0454342 129 115 -0.628251 -0.150881 110 97
rake sycup 4 -0.535262 -0.00459694 158 108 -0.699138 -0.0333067 148 83
rake sycup 4 -0.570481 0.145934 205 112 -0.861779 0.0832126 178 58
rake sycup 4 -0.547708 0.040286 177 109 -0.691831 -0.0268404 150 84
rake sycup 4 -0.523161 -0.148032 104 118 -0.638268 -0.184701 101 90
rake sycup 4 -0.580774 0.139615 198 105 -0.743855 0.114263 191 77
rake sycup 4 -0.574466 -0.00279069 160 113 -0.790438 -0.0785738 134 69
rake sycup 4 -0.523193 0.145326 214 116 -0.741086 0.194492 214 79
rake sycup 4 -0.555048 -0.176599 98 114 -0.671068 -0.137355 114 89
