rake ocup 3 -0.560711 -0.00225498 159 111 -0.462154 0.00849163 164 137
rake ocup 3 -0.443776 -0.0664384 134 142 -0.458691 0.00569241 163 138
rake ocup 3 -0.492404 -0.140847 106 127 -0.433919 -0.0785605 129 145
rake ocup 3 -0.59903 -0.190037 94 100 -0.496791 -0.118544 115 126
rake ocup 3 -0.585714 -0.187614 94 103 -0.49661 -0.123634 113 126
rake ocup 3 -0.604356 0.0594155 179 102 -0.477834 0.066567 186 133
rake ocup 3 -0.670503 0.144709 203 90 -0.563943 0.15439 212 112
rake ocup 3 -0.630249 0.167294 212 98 -0.496235 0.181136 226 129
rake ocup 3 -0.618301 0.139378 204 100 -0.438621 0.137933 215 145
rake ocup 3 -0.541863 0.000951572 161 116 -0.383994 0.0253592 174 162
