rake ycup 3 -0.590356 -0.18581 96 102 -0.451899 -0.130638 109 139
rake ycup 3 -0.590714 -0.0892037 130 103 -0.518812 -0.0086241 158 121
rake ycup 3 -0.635327 -0.0528089 143 94 -0.463877 -0.0255438 152 136
rake ycup 3 -0.592489 -0.0553068 142 103 -0.437697 -0.0223281 153 144
rake ycup 3 -0.574899 -0.0481171 144 107 -0.407405 -0.000347692 162 154
rake ycup 3 -0.593609 -0.0309859 150 103 -0.485929 -0.112405 118 129
rake ycup 3 -0.640608 0.037399 172 94 -0.514927 0.109732 201 123
rake ycup 3 -0.576227 0.171116 218 109 -0.437788 0.168926 228 145
rake ycup 3 -0.569738 -0.160243 104 107 -0.50544 -0.067413 136 124
rake ycup 3 -0.626628 0.0552613 178 97 -0.521162 0.0607018 183 121
