stick plego 3 -0.162447 -0.00737127 160 278 -0.447827 -0.308585 33 130
stick plego 3 -0.55202 0.0721469 184 113 -0.569737 0.0778575 187 108
stick plego 3 -0.533489 -0.0866515 129 117 -0.529173 -0.0783113 132 118
stick plego 3 -0.571672 -0.0402571 145 109 -0.561054 -0.0171537 157 111
stick plego 3 -0.558904 0.0920975 191 111 -0.58085 0.0884639 190 108
stick plego 3 -0.533237 0.167323 219 119 -0.552141 0.155113 212 112
stick plego 3 -0.541961 -0.0901457 130 115 -0.548826 -0.0972815 126 115
stick plego 3 -0.487404 0.172249 225 132 -0.464237 0.161365 223 136
stick plego 3 -0.567618 -0.0747291 134 109 -0.524266 -0.0795239 131 119
stick plego 3 -0.471183 -0.107601 119 135 -0.572749 -0.253218 70 110
