stick orange 1 -0.631608 0.0447227 174 96 -0.754082 -0.0805918 138 76
stick orange 1 -0.56704 -0.0209399 153 111 -0.558758 -0.21483 82 113
stick orange 1 -0.556023 -0.209219 85 111 -0.516564 -0.353596 23 117
stick orange 1 -0.54388 -0.219676 78 114 -0.478563 -0.234455 70 130
stick orange 1 -0.482583 -0.04268 145 132 -0.385765 -0.147394 97 160
stick orange 1 -0.501177 0.0611475 183 126 -0.60303 -0.265342 68 103
stick orange 1 -0.442508 -0.116066 113 142 -0.35384 -0.206895 65 173
stick orange 1 -0.55323 -0.0743394 133 113 -0.51705 -0.127916 112 122
stick orange 1 -0.579656 0.152672 216 2 -0.709009 -0.35391 47 78
stick orange 1 -0.513504 -0.101969 132 125 -0.522902 -0.288392 50 123
