rake pear 2 -0.57959 -0.0869591 130 107 -0.599711 0.023018 168 102
rake pear 2 -0.561735 -0.021861 153 111 -0.580992 0.120603 201 106
rake pear 2 -0.592472 0.111064 197 105 -0.551665 0.25337 249 115
rake pear 2 -0.506306 -0.00705486 158 126 -0.469752 -0.00949141 158 134
rake pear 2 -0.509321 0.0125038 164 124 -0.503674 0.0510206 180 125
rake pear 2 -0.530893 0.0488429 178 118 -0.509176 0.155179 218 127
rake pear 2 -0.513539 0.143047 212 122 -0.469054 0.238302 249 136
rake pear 2 -0.544251 -0.0872551 130 114 -0.745921 -0.180619 114 67
rake pear 2 -0.591793 -0.0107409 156 104 -0.538934 0.0600247 182 116
rake pear 2 -0.601134 -0.343317 39 100 -0.685922 -0.25764 77 84
rake pear 2 -0.595255 -0.136526 112 104 -0.53588 -0.0265916 151 117
