hook wball 1 -0.527671 -0.0870811 128 118 -0.52456 -0.219598 79 125
hook wball 1 -0.312314 0.324302 309 190 -0.617488 0.121037 199 100
hook wball 1 -0.62243 0.121732 199 99 -0.586694 -0.100131 126 104
hook wball 1 -0.560238 0.110002 198 112 -0.538883 -0.103454 123 115
hook wball 1 -0.546841 -0.10691 122 113 -0.519639 -0.242532 69 119
hook wball 1 -0.645902 0.180808 216 95 -0.634189 0.0909757 189 96
hook wball 1 -0.644212 0.0889543 188 94 -0.612575 -0.0230554 152 99
hook wball 1 -0.601966 -0.0447198 145 101 -0.57073 -0.128738 115 107
hook wball 1 -0.522725 0.196232 230 122 -0.565402 -0.150154 107 108
hook wball 1 -0.564467 0.0400126 175 108 -0.562739 -0.0892815 129 113
