stick bball 4 -0.488546 -0.255377 61 130 -0.641477 -0.294249 66 82
stick bball 4 -0.469562 -0.111659 117 134 -0.558593 -0.161301 105 110
stick bball 4 -0.56452 -0.166817 100 111 -0.626702 -0.0982728 129 96
stick bball 4 -0.564685 -0.0914138 128 110 -0.739292 -0.119025 122 76
stick bball 4 -0.572184 0.147201 210 109 -0.606067 0.210072 227 102
stick bball 4 -0.467192 0.0611258 185 135 -0.60295 -0.0527673 142 101
stick bball 4 -0.607396 -0.0595991 140 100 -0.672831 -0.0392055 148 87
stick bball 4 -0.59726 -0.156981 105 101 -0.675223 -0.102476 127 86
stick bball 4 -0.531769 -0.211873 83 119 -0.64753 -0.282837 65 89
stick bball 4 -0.485778 0.0499029 181 132 -0.729033 -0.0173346 152 77
