hook ylego 2 -0.505301 -0.0380878 145 125 -0.557396 0.0731791 185 111
hook ylego 2 -0.525555 0.0765311 185 112 -0.568369 0.227425 236 110
hook ylego 2 -0.478219 -0.201204 82 129 -0.541328 -0.130175 113 117
hook ylego 2 -0.510677 -0.140319 144 40 -0.54644 -0.057242 140 115
hook ylego 2 -0.485781 -0.0520183 142 132 -0.548669 0.0654097 183 115
hook ylego 2 -0.589713 -0.176357 96 103 -0.627936 -0.0637525 137 97
hook ylego 2 -0.592108 -0.0687624 137 102 -0.650574 0.040833 172 93
hook ylego 2 -0.594379 0.117573 199 97 -0.6418 0.237987 233 92
hook ylego 2 -0.476801 -0.144444 201 22 -0.522086 -0.0517288 142 120
hook ylego 2 -0.511946 -0.0674563 140 122 -0.565204 0.0188751 168 110
