hook orange 4 -0.543106 -0.12956 113 115 -0.647509 -0.213376 91 90
hook orange 4 -0.512516 -0.0816404 131 122 -0.588458 -0.173752 100 106
hook orange 4 -0.580756 -0.159037 106 105 -0.7349 -0.214143 96 75
hook orange 4 -0.506112 0.172279 223 124 -0.633858 0.122701 200 96
hook orange 4 -0.573451 0.0984706 193 107 -0.615384 0.0376021 173 99
hook orange 4 -0.621437 0.0278307 169 98 -0.718637 0.136287 198 80
hook orange 4 -0.49874 -0.158774 101 128 -0.621379 -0.219547 87 99
hook orange 4 -0.588969 -0.182142 96 106 -0.740653 -0.214421 97 74
hook orange 4 -0.48337 -0.26014 58 130 -0.511013 -0.170658 96 123
hook orange 4 -0.517415 -0.176365 94 122 -0.571213 -0.114524 119 108
