rake orange 4 -0.590704 -0.101648 125 103 -0.59364 -0.132506 114 102
rake orange 4 -0.63101 -0.0588777 140 95 -0.783242 -0.147995 116 67
rake orange 4 -0.62832 0.0584271 178 97 -0.881736 0.0361598 167 56
rake orange 4 -0.517531 0.256694 250 124 -0.663473 0.374512 270 94
rake orange 4 -0.562445 -0.0563036 140 110 -0.656967 -0.124701 119 89
rake orange 4 -0.570751 0.027168 169 109 -0.548816 -0.16137 102 112
rake orange 4 -0.657704 0.115253 195 92 -0.833072 0.00380101 159 62
rake orange 4 -0.610939 -0.151914 108 98 -0.676666 -0.215984 90 84
rake orange 4 -0.580207 0.129954 203 108 -0.755189 0.108185 189 75
rake orange 4 -0.629964 0.0446041 173 104 -0.819619 0.0131713 159 64
