stick yball 4 -0.536178 -0.17892 95 118 -0.703686 -0.171828 107 80
stick yball 4 -0.982849 -0.558548 17 38 -0.728125 -0.1079 127 76
stick yball 4 -0.488322 -0.264747 57 129 -0.587071 -0.228431 82 100
stick yball 4 -0.521531 0.148562 214 121 -0.683605 0.0878549 187 87
stick yball 4 -0.570217 0.0207576 166 110 -0.74787 0.0197594 166 75
stick yball 4 -0.519408 0.151372 85 40 -0.867333 -0.317592 70 56
stick yball 4 -0.496405 -6.32084e-05 163 119 -0.69906 0.0100205 161 83
stick yball 4 -0.476213 -0.248803 72 126 -0.579083 -0.16142 103 104
stick yball 4 -0.56239 -0.153427 108 106 -0.704915 -0.0637079 140 81
stick yball 4 -0.4868 0.0239601 171 123 -0.872594 -0.201226 102 55
stick yball 4 -0.499276 -0.131803 112 122 -0.677231 -0.125945 118 85
