hook plego 4 -0.527089 -0.0422363 145 119 -0.619327 -0.0511442 159 140
hook plego 4 -0.590486 -0.014584 156 105 -0.724609 0.0179289 177 141
hook plego 4 -0.496735 -0.061409 138 127 -0.650283 -0.0655915 169 140
hook plego 4 -0.590914 -0.235585 78 101 -0.642655 -0.293179 164 140
hook plego 4 -0.53193 0.018306 168 118 -0.692583 0.0400807 165 143
hook plego 4 -0.382316 -0.134773 103 165 -0.662723 -0.316612 172 145
hook plego 4 -0.511285 -0.0557605 141 123 -0.605792 -0.0828567 67 68
hook plego 4 -0.635515 -0.0802348 132 95 -0.732465 -0.0147739 171 139
hook plego 4 -0.542576 0.176949 222 116 -0.678674 0.146326 177 132
hook plego 4 -0.434426 0.117895 207 146 -0.621262 0.0801385 173 137
