hook bball 2 -0.479599 -0.134247 109 134 -0.530768 -0.0703276 136 120
hook bball 2 -0.540974 -0.0820502 131 116 -0.538093 -0.0777966 132 116
hook bball 2 -0.535323 -0.0810212 131 118 -0.544011 -0.063932 138 115
hook bball 2 -0.552316 -0.0713999 135 113 -0.535055 -0.0619095 138 117
hook bball 2 -0.618231 -0.0392513 147 97 -0.543763 -0.0156698 154 115
hook bball 2 -0.546807 -0.0187582 154 114 -0.594271 0.0988293 193 104
hook bball 2 -0.574369 0.101785 194 108 -0.589172 0.230371 234 106
hook bball 2 -0.632203 -0.0469789 144 95 -0.696015 0.0802173 184 85
hook bball 2 -0.69979 0.0898658 186 84 -0.619847 0.32583 262 99
hook bball 2 -0.607827 -0.0368243 147 102 -0.642487 0.093884 192 97
