stick orange 4 -0.487494 -0.127902 112 130 -0.542324 -0.17477 98 113
stick orange 4 -0.533747 -0.165002 100 116 -0.613171 -0.0313361 150 100
stick orange 4 -0.648779 -0.051586 143 92 -0.6128 -0.0458363 145 99
stick orange 4 -0.614238 -0.0509082 143 99 -0.614358 -0.154064 109 98
stick orange 4 -0.61847 -0.243334 76 98 -0.685788 -0.27342 74 82
stick orange 4 -0.459129 -0.233391 68 139 -0.60384 -0.238122 80 98
stick orange 4 -0.56761 0.0206283 168 111 -0.714174 -0.0161406 153 80
stick orange 4 -0.563615 -0.190588 98 112 -0.658166 -0.246396 77 88
stick orange 4 -0.50694 0.0604246 189 133 -0.657823 -0.0246582 152 90
stick orange 4 -0.444681 -0.290992 45 147 -0.577798 -0.153118 106 106
