rake pear 4 -0.613842 0.179866 217 100 -0.829271 0.199692 213 65
rake pear 4 -0.554296 0.0293269 171 114 -0.489171 -0.127259 113 128
rake pear 4 -0.545782 -0.218556 81 116 -0.690537 -0.130909 120 82
rake pear 4 -0.597657 -0.202226 91 102 -0.64605 -0.370545 36 89
rake pear 4 -0.571955 -0.093678 127 109 -0.712545 -0.135983 118 79
rake pear 4 -0.633108 0.114596 196 96 -0.48734 -0.226654 72 128
rake pear 4 -0.622024 0.0905657 189 98 -0.792077 0.214435 217 71
rake pear 4 -0.571702 0.134898 205 107 -0.523822 -0.0634335 138 120
rake pear 4 -0.594562 0.132085 203 106 -0.732638 0.303184 242 77
rake pear 4 -0.548508 -0.175499 97 113 -0.698142 -0.24334 83 81
rake pear 4 -0.582795 -0.0319111 150 112 -0.627845 -0.0794438 133 96
