hook sycup 3 -0.620017 -0.0906089 129 98 -0.49907 -0.106343 166 143
hook sycup 3 -0.514329 -0.137299 109 123 -0.33432 -0.129858 169 174
hook sycup 3 -0.528287 0.062003 182 119 -0.461073 0.121139 256 141
hook sycup 3 -0.523475 0.192781 229 121 -0.431234 0.160262 171 152
hook sycup 3 -0.536382 0.00147777 160 117 -0.361336 -0.00855042 169 170
hook sycup 3 -0.606222 -0.216345 87 98 -0.481934 -0.23015 176 142
hook sycup 3 -0.550669 -0.0248351 150 114 -0.482569 0.0671026 194 132
hook sycup 3 -0.589838 0.128571 203 107 -0.406093 0.149699 171 149
hook sycup 3 -0.558166 -0.0532847 143 111 -0.43837 -0.103402 121 141
hook sycup 3 -0.516192 -0.0856023 128 122 -0.552458 -0.0628489 166 142
