hook ocup 1 -0.564 0.0206138 167 111 -0.598999 -0.211708 87 104
hook ocup 1 -0.546367 0.0527167 179 115 -0.458159 0.0622746 185 138
hook ocup 1 -0.555645 -0.001044 161 112 -0.588745 -0.0601813 139 104
hook ocup 1 -0.584343 -0.0594045 140 105 -0.588735 -0.145459 110 105
hook ocup 1 -0.567911 0.103035 195 110 -0.618767 -0.0851252 131 98
hook ocup 1 -0.599591 -0.0176193 154 104 -0.609375 -0.100051 127 101
hook ocup 1 -0.414787 -0.0371352 147 152 -0.727455 0.0798558 182 78
hook ocup 1 -0.535108 0.210556 233 119 -0.537275 0.0868993 193 118
hook ocup 1 -0.554404 0.0625143 182 112 -0.558676 -0.0139774 155 112
hook ocup 1 -0.573146 -0.0445482 143 108 -0.563367 -0.127302 115 111
