hook wball 3 -0.49282 -0.204945 81 126 -0.41219 -0.238115 58 151
hook wball 3 -0.641406 -0.106856 125 92 -0.560053 -0.153897 105 109
hook wball 3 -0.640187 -0.0498035 144 93 -0.584509 -0.106626 124 104
hook wball 3 -0.259201 0.320767 319 214 -0.498441 -0.148323 104 125
hook wball 3 -0.932156 -0.0822968 137 48 -0.447824 -0.208969 75 140
hook wball 3 -0.599684 -0.00132573 159 102 -0.518146 -0.154271 103 120
hook wball 3 -0.648157 0.0783432 184 93 -0.518668 0.110976 200 122
hook wball 3 -0.522623 0.10507 198 121 -0.418979 -0.15782 95 149
hook wball 3 -0.523641 0.0503621 98 45 -0.479777 0.0762175 190 132
hook wball 3 -0.524571 0.0611748 302 22 -0.471766 0.0202864 170 134
