stick wball 2 -0.537152 -0.184672 93 115 -0.630902 -0.127167 115 95
stick wball 2 -0.635149 -0.12308 119 94 -0.634497 -0.0583602 141 95
stick wball 2 -0.628236 -0.0496875 144 96 -0.648405 0.108183 195 95
stick wball 2 -0.617857 -0.0219207 151 99 -0.639626 0.140964 204 96
stick wball 2 -0.492157 -0.17796 92 128 -0.554282 -0.0785243 134 113
stick wball 2 -0.622807 -0.11878 119 98 -0.70116 0.0401246 176 85
stick wball 2 -0.688825 0.0471258 173 85 -0.687072 0.160273 207 86
stick wball 2 -0.601545 -0.145734 110 100 -0.621164 -0.0343581 149 98
stick wball 2 -0.474852 -0.00329267 115 143 -0.56295 0.0967851 194 111
stick wball 2 -0.521411 -0.000795816 161 122 -0.60527 0.0981017 192 102
