rake orange 2 -0.574375 -0.0767128 133 107 -0.547692 -0.189723 91 112
rake orange 2 -0.619657 -0.0853574 131 97 -0.671679 -0.0645936 139 87
rake orange 2 -0.65602 -0.0629726 139 90 -0.587023 -0.0900982 129 104
rake orange 2 -0.794256 0.105403 187 69 -0.841414 0.153462 198 63
rake orange 2 -0.689549 0.107186 191 86 -0.848502 0.221826 215 63
rake orange 2 -0.558398 -0.051375 142 111 -0.68039 -0.0190288 153 86
rake orange 2 -0.61648 0.10746 194 100 -0.596484 0.154631 210 105
rake orange 2 -0.559882 0.168711 217 113 -0.656768 0.185851 216 93
rake orange 2 -0.591322 -0.174637 99 102 -0.591821 -0.0815891 132 103
rake orange 2 -0.601104 -0.0792189 133 101 -0.559419 -0.120266 117 110
