rake orange 3 -0.718557 -0.387272 39 76 -0.560978 -0.319136 172 139
rake orange 3 -0.66662 -0.339432 48 89 -0.532454 -0.220364 170 143
rake orange 3 -0.651982 -0.127185 118 90 -0.627 -0.044229 145 96
rake orange 3 -0.627821 -0.0323188 149 96 -0.509131 0.0183381 167 124
rake orange 3 -0.64675 -0.207278 91 90 -0.496019 -0.159154 99 126
rake orange 3 -0.608961 -0.0252091 151 100 -0.442915 0.0397065 177 143
rake orange 3 -0.657583 0.037336 171 91 -0.529982 0.0558463 180 119
rake orange 3 -0.721996 -0.214925 93 76 -0.618515 -0.132511 115 97
rake orange 3 -0.616818 -0.138136 113 97 -0.538182 -0.0422614 145 116
rake orange 3 -0.643953 -0.0137616 155 93 -0.57556 -0.0548214 141 107
rake orange 3 -0.683863 0.275196 240 89 -0.493341 0.339148 281 131
