hook pear 3 -0.524073 0.216935 236 121 -0.188892 -0.0829916 118 260
hook pear 3 -0.536896 0.045131 177 117 -0.444423 0.114051 207 143
hook pear 3 -0.448663 0.113042 207 141 -0.683577 -0.0208668 153 86
hook pear 3 -0.686596 -0.0161141 154 85 -0.485654 -0.0459266 145 130
hook pear 3 -0.474688 -0.0450622 144 134 -0.405234 -0.0154089 134 156
hook pear 3 -0.50285 -0.149456 104 126 -0.404833 -0.172071 88 157
hook pear 3 -0.503465 -0.166357 98 126 -0.433909 -0.128624 109 142
hook pear 3 -0.433122 -0.115933 115 146 -0.353267 -0.128742 106 177
hook pear 3 -0.524643 0.102981 197 119 -0.70665 0.0175587 166 82
hook pear 3 -0.573449 0.138133 208 109 -0.783233 0.0571965 175 70
