hook yball 3 -0.578145 -0.238381 75 104 -0.494275 -0.262434 8 106
hook yball 3 -0.55132 -0.115146 119 112 -0.442397 -0.121505 87 109
hook yball 3 -0.530905 0.178946 223 120 -0.464079 0.128368 107 134
hook yball 3 -0.538599 0.0860544 191 117 -0.424262 0.0766724 192 149
hook yball 3 -0.58713 0.0829912 188 106 -0.555392 0.170366 218 114
hook yball 3 -0.54281 0.166783 218 117 -0.513356 0.150676 214 124
hook yball 3 -0.58065 0.0612363 185 100 -0.586708 -0.140131 111 105
hook yball 3 -0.599687 -0.0210075 150 97 -0.525047 0.00632065 164 120
hook yball 3 -0.486849 0.00488425 163 124 -0.507231 -0.00509115 160 126
hook yball 3 -0.559296 0.0662154 184 106 -0.414228 0.0283941 174 152
