rake wball 1 -0.645161 0.245928 236 95 -0.71208 0.0726778 183 81
rake wball 1 -0.706786 0.0874751 184 82 -0.717356 -0.0822341 137 78
rake wball 1 -0.70139 -0.0787783 135 83 -0.691037 -0.179008 106 80
rake wball 1 -0.610909 0.0549437 178 100 -0.61175 -0.102109 128 98
rake wball 1 -0.604168 -0.0926738 128 101 -0.643025 -0.208126 92 90
rake wball 1 -0.584449 -0.0438102 146 106 -0.611441 -0.153852 107 101
rake wball 1 -0.549377 -0.0663789 137 113 -0.588023 -0.175621 98 105
rake wball 1 -0.568631 0.0998768 195 110 -0.536088 -0.10272 124 116
rake wball 1 -0.531194 -0.0954035 125 118 -0.516433 -0.238214 71 119
rake wball 1 -0.533088 0.065806 184 117 -0.532409 -0.0730848 135 118
