rake plego 1 -0.453864 -0.0274156 151 139 -0.610005 -0.102315 126 99
rake plego 1 -0.579629 0.126907 203 108 -0.695371 -0.049394 145 83
rake plego 1 -0.628699 0.0891249 189 97 -0.600432 -0.0761947 135 101
rake plego 1 -0.578384 -0.066352 138 106 -0.62874 -0.189688 97 94
rake plego 1 -0.649479 0.171293 213 94 -0.57913 0.106785 197 108
rake plego 1 -0.583678 0.107422 197 107 -0.589037 -0.0793838 134 104
rake plego 1 -0.591661 0.0598764 181 105 -0.664104 -0.089292 132 88
rake plego 1 -0.340567 0.126219 220 179 -0.535425 0.0132141 166 117
rake plego 1 -0.527541 0.0156844 167 119 -0.602027 -0.167993 103 100
rake plego 1 -0.542276 0.0628341 183 116 -0.57073 -0.0657732 138 108
