hook yball 4 -0.6424 0.200233 222 96 -0.865404 0.234191 218 61
hook yball 4 -0.635865 -0.345306 42 90 -0.754668 -0.357477 51 68
hook yball 4 -0.578067 -0.124282 117 106 -0.732168 -0.0933975 132 77
hook yball 4 -0.56698 0.132703 206 111 -0.803095 0.102138 188 68
hook yball 4 -0.574344 -0.142466 110 108 -0.623025 -0.0755415 136 97
hook yball 4 -0.630539 -0.0723278 136 97 -0.748374 0.0407911 173 75
hook yball 4 -0.527664 -0.101363 124 115 -0.714667 -0.109549 125 79
hook yball 4 -0.534965 0.0288033 171 115 -0.753796 0.0322894 166 73
hook yball 4 -0.477913 0.111084 200 128 -0.616769 0.133218 204 101
hook yball 4 -0.609318 0.124385 202 100 -0.854686 0.118694 186 59
