hook pear 1 -0.559608 -0.00392904 158 112 -0.591881 -0.0391578 146 104
hook pear 1 -0.580113 -0.0456811 145 106 -0.769499 -0.17412 111 68
hook pear 1 -0.550272 0.132762 206 112 -0.517152 -0.0939655 126 122
hook pear 1 -0.509573 -0.0876437 128 124 -0.420013 -0.204921 75 148
hook pear 1 -0.477178 0.062955 185 132 -0.602715 -0.000585738 159 102
hook pear 1 -0.603946 -0.00039512 160 102 -0.591611 -0.0736261 135 105
hook pear 1 -0.602863 -0.100695 126 104 -0.619449 -0.233195 82 96
hook pear 1 -0.454961 0.0936544 198 145 -0.361936 -0.139657 77 179
hook pear 1 -0.609732 0.193756 222 100 -0.429418 -0.0732747 130 147
hook pear 1 -0.43174 -0.0716679 133 146 -0.403303 -0.162399 92 156
