stick ycup 4 -0.517692 -0.0197333 154 123 -0.593564 -0.135059 116 102
stick ycup 4 -0.560683 -0.132773 113 110 -0.577823 -0.128998 114 108
stick ycup 4 -0.537717 -0.0342551 149 117 -0.6916 0.0583938 175 85
stick ycup 4 -0.568939 0.225204 235 111 -0.713202 -0.0901048 133 80
stick ycup 4 -0.550707 0.0168705 166 114 -0.726286 -0.131298 121 77
stick ycup 4 -0.504891 -0.137863 109 124 -0.561305 -0.0949211 126 111
stick ycup 4 -0.558997 -0.0984311 125 112 -0.649482 -0.212081 92 90
stick ycup 4 -0.53167 0.0512419 179 118 -0.655213 0.0433785 174 91
stick ycup 4 -0.53093 0.0727204 187 117 -0.612586 -0.106764 123 98
stick ycup 4 -0.550133 -0.00707738 158 113 -0.747233 0.0209096 167 75
