postureName,convexity,eccentricity,compactness,circularity,squareness,convexityDefects,nu00,nu11,nu02,nu30,nu21,nu12,nu03
straight,0.854576,0.393378,0.525345,0.343063,0.677111,0,0.057134,-0.059711,0.186663,0.000304,-0.004093,0.008576,-0.001682
straight,0.85226,0.423808,0.549187,0.365082,0.681616,0,0.062045,-0.058269,0.168687,-0.000159,-0.003353,0.007441,-0.001635
straight,0.844733,0.477168,0.576567,0.398011,0.695843,0,0.065364,-0.053749,0.151105,-0.000604,-0.002286,0.00543,-0.000839
straight,0.866345,0.389261,0.521433,0.329349,0.677985,0,0.049163,-0.053917,0.204966,-0.000103,-0.004833,0.012075,-0.005208
straight,0.867866,0.386824,0.535131,0.34101,0.672872,0,0.042488,-0.037239,0.206358,-0.001519,-0.003341,0.015434,-0.015091
straight,0.876019,0.406551,0.565481,0.372994,0.704335,0,0.056333,-0.057479,0.184533,0.000692,-0.0045,0.008453,-0.000182
straight,0.852307,0.380408,0.503401,0.316222,0.655346,0,0.056841,-0.062143,0.193544,8.8e-05,-0.004037,0.009033,-0.002793
straight,0.842633,0.44556,0.565385,0.38427,0.686714,0,0.062344,-0.053321,0.15811,-0.000854,-0.001861,0.005196,-0.001276
straight,0.868234,0.38754,0.512478,0.311537,0.654795,0,0.042915,-0.042309,0.216625,-0.001497,-0.004266,0.017438,-0.016565
straight,0.858258,0.364764,0.502398,0.315131,0.665161,0,0.081924,-0.084489,0.174542,0.004738,-0.008785,0.008287,0.002787
straight,0.857103,0.400193,0.548947,0.365967,0.683918,0,0.041974,-0.0303,0.19134,-0.001217,0.000279,0.007392,-0.007862
straight,0.843401,0.418458,0.557371,0.383077,0.700653,0,0.038181,0.000135,0.185499,-0.000189,0.002983,0.003173,-0.010306
straight,0.872737,0.361709,0.505587,0.304585,0.675,0,0.107177,-0.096127,0.154044,0.011527,-0.013006,0.007384,0.005278
straight,0.866575,0.356917,0.492005,0.290202,0.604719,0,0.162123,-0.093306,0.101768,0.029843,-0.014545,-0.000287,0.008579
straight,0.852916,0.39415,0.522184,0.342601,0.6762,0,0.05695,-0.059414,0.186689,0.000276,-0.00402,0.008543,-0.001865
fortyfive,0.740464,0.751943,0.479626,0.514559,0.628801,1,0.108514,-0.049777,0.11139,0.018516,-0.001909,-0.007715,0.014092
fortyfive,0.763891,0.68879,0.525097,0.534969,0.662797,1,0.101797,-0.045439,0.105411,0.013359,-0.000893,-0.005357,0.010244
fortyfive,0.733114,0.705769,0.464723,0.50032,0.606274,1,0.106905,-0.050344,0.116654,0.020559,-0.004934,-0.007302,0.016731
fortyfive,0.760774,0.706669,0.547586,0.551967,0.687954,1,0.099023,-0.040616,0.098578,0.010068,-0.000829,-0.003043,0.007338
fortyfive,0.748022,0.721991,0.494639,0.52994,0.630054,1,0.097446,-0.04567,0.115879,0.017387,-0.007716,-0.003722,0.015241
fortyfive,0.759559,0.743374,0.46481,0.449098,0.615069,1,0.107144,-0.053819,0.118749,0.018589,-0.002821,-0.006753,0.015605
fortyfive,0.765992,0.735118,0.534545,0.548188,0.636602,1,0.108693,-0.043577,0.101101,0.017325,-0.001159,-0.008303,0.01212
fortyfive,0.77812,0.670491,0.537875,0.535523,0.649848,1,0.146457,-0.020121,0.063515,0.009779,0.013591,-0.005298,0.000229
fortyfive,0.784098,0.655877,0.543544,0.529007,0.697995,1,0.149002,-0.00194,0.058445,0.002641,0.014002,0.000697,-0.000534
fortyfive,0.737776,0.849734,0.49798,0.547671,0.636573,1,0.08293,-0.0351,0.12777,0.013101,-0.00711,-0.000879,0.014967
fortyfive,0.734145,0.806738,0.50036,0.543137,0.644463,1,0.074325,-0.027486,0.131053,0.009692,-0.006863,0.001826,0.012623
fortyfive,0.738456,0.839418,0.512397,0.543869,0.654425,1,0.068743,-0.020019,0.132761,0.00712,-0.006019,0.003784,0.010243
fortyfive,0.741914,0.79283,0.524196,0.53202,0.668469,1,0.063024,-0.003001,0.133702,0.003688,-0.002888,0.006043,0.003939
fortyfive,0.732982,0.804937,0.513119,0.549965,0.657373,1,0.065606,-0.003499,0.133771,0.003568,-0.004913,0.007821,0.006994
fortyfive,0.729205,0.796246,0.506403,0.571056,0.637548,1,0.068069,-0.005651,0.134976,0.002517,-0.006075,0.010783,0.008637
bent,0.721557,0.68996,0.468734,0.488676,0.592098,1,0.1212,-0.054371,0.104307,0.021058,-0.002954,-0.008972,0.015212
bent,0.73606,0.705388,0.505059,0.527621,0.638733,1,0.113657,-0.048258,0.099176,0.017158,-0.001575,-0.006974,0.011459
bent,0.730253,0.645914,0.468839,0.473457,0.580296,1,0.120816,-0.057179,0.110112,0.022763,-0.006251,-0.008263,0.01819
bent,0.724721,0.677436,0.461301,0.470871,0.579895,1,0.154148,-0.04598,0.078443,0.021622,0.007664,-0.012226,0.008448
bent,0.739404,0.709669,0.510512,0.540247,0.636928,1,0.083547,-0.04139,0.126856,0.01162,-0.007899,0.000877,0.013417
bent,0.723085,0.71093,0.442559,0.464952,0.592651,2,0.122318,-0.059342,0.11172,0.022477,-0.003991,-0.008612,0.017369
bent,0.732685,0.685839,0.459849,0.473349,0.624876,2,0.095784,-0.053892,0.130141,0.016021,-0.00825,-0.00145,0.016814
bent,0.730368,0.697182,0.484162,0.488038,0.682896,2,0.065075,-0.026177,0.144034,0.003602,-0.005334,0.008789,0.00492
bent,0.725482,0.702724,0.486842,0.501945,0.681085,2,0.064205,-0.022951,0.143567,0.003777,-0.004984,0.008381,0.004709
bent,0.745063,0.731495,0.52323,0.551908,0.674176,1,0.063291,-0.010951,0.137596,0.002907,-0.004337,0.008422,0.00499
bent,0.766673,0.789639,0.571024,0.615717,0.681883,1,0.064623,-0.010255,0.126404,0.002212,-0.004337,0.007118,0.004804
bent,0.735619,0.741086,0.498185,0.507083,0.66997,2,0.062225,-0.013005,0.144625,0.003094,-0.004618,0.009282,0.005144
bent,0.717904,0.740766,0.489774,0.492499,0.704461,2,0.060166,0.004403,0.141572,0.001493,-9.2e-05,0.00857,-0.002117
pear,0.929789,0.633641,0.788001,0.600428,0.741684,0,0.055858,-0.012778,0.125032,0.001891,-0.003935,-0.002815,0.011432
pear,0.920574,0.626905,0.772887,0.57748,0.712453,0,0.078809,-0.03723,0.10415,0.002122,0.003654,-0.007004,0.002665
pear,0.903771,0.578499,0.739185,0.532347,0.687602,0,0.084265,0.044252,0.10465,-0.001555,0.00486,0.007792,0.003141
pear,0.911596,0.824649,0.839187,0.711441,0.760018,0,0.068405,0.009501,0.096782,0.001726,0.001536,-0.002376,-0.003848
pear,0.929988,0.864512,0.874887,0.783389,0.803701,0,0.070061,-0.000438,0.092073,-0.000431,0.001804,0.000601,-0.003021
pear,0.928191,0.777394,0.856227,0.761989,0.790465,0,0.065932,-0.009717,0.100371,-0.00196,0.002087,0.002497,-0.0041
pear,0.925241,0.608574,0.759987,0.530785,0.71,0,0.130267,-0.018804,0.054975,-0.010392,0.005462,0.002026,-0.00268
pear,0.91906,0.650941,0.779314,0.58245,0.732212,0,0.112602,0.028602,0.067699,0.003963,0.007199,0.001987,-0.002969
pear,0.922902,0.645121,0.780396,0.565266,0.714646,0,0.111521,0.032538,0.070426,0.00421,0.007129,0.002347,-0.002773
pear,0.93132,0.715347,0.80208,0.617949,0.726028,0,0.064156,0.0199,0.111961,-0.003675,-0.001636,0.005643,0.00743
pear,0.93119,0.81434,0.84579,0.710171,0.768929,0,0.102014,0.003424,0.064888,-0.005323,-0.002636,0.002309,0.001612
lemon,0.924572,0.891389,0.886681,0.836466,0.785205,0,0.078343,0.008888,0.082112,0.000467,0.000275,-0.000476,-0.000418
lemon,0.928164,0.813596,0.873915,0.729907,0.779184,0,0.084626,-0.016089,0.078207,0.000143,0.000462,-0.000393,-0.000233
lemon,0.933111,0.848521,0.89085,0.805484,0.783908,0,0.081702,-0.013588,0.080006,-5.2e-05,0.000182,-4.2e-05,-0.000155
lemon,0.947736,0.881086,0.911502,0.84341,0.803613,0,0.073816,0.008783,0.086989,-0.000279,-4.5e-05,0.00031,0.000126
lemon,0.955431,0.954956,0.920692,0.88268,0.825918,0,0.08466,0.001233,0.075044,0.000105,5.8e-05,-0.000107,-2.9e-05
lemon,0.93908,0.946141,0.911072,0.905122,0.798758,0,0.081218,-0.002635,0.078191,0.000294,0.000142,-0.000306,-0.000123
lemon,0.945525,0.808836,0.89047,0.754789,0.804348,0,0.098001,-0.004789,0.065116,-0.000468,-4.6e-05,0.000294,8e-06
lemon,0.94676,0.90173,0.9059,0.853777,0.816742,0,0.082151,-0.00936,0.078445,0.000721,0.000251,-0.00068,-0.000107
lemon,0.93621,0.898473,0.8932,0.810023,0.808248,0,0.088897,-0.001015,0.071546,-0.000127,0.000107,-8e-06,-7.8e-05
lemon,0.942767,0.845474,0.878524,0.74691,0.789716,0,0.095246,0.000791,0.066935,-0.000812,-1.9e-05,0.000473,8e-06
lemon,0.935667,0.908646,0.905761,0.877343,0.807407,0,0.071968,-0.000323,0.08811,-0.0001,-4e-05,0.000123,3.8e-05
lemon,0.947717,0.852227,0.903231,0.80482,0.802326,0,0.087378,-0.009481,0.073802,0.000744,-0.000554,-0.000494,0.000584
wball,0.940535,0.944684,0.905483,0.895675,0.803968,0,0.076399,0.003034,0.083214,0.000156,-0.000356,-0.000187,0.000387
wball,0.965782,0.988922,0.925036,0.894174,0.810847,0,0.082763,0.001208,0.076806,-0.000234,0.000391,0.000238,-0.00035
wball,0.94541,0.926121,0.906982,0.86373,0.819712,0,0.07577,-0.005938,0.084353,0.000131,-0.000309,-0.000113,0.000362
wball,0.952606,0.807413,0.905079,0.766584,0.805703,0,0.090301,-0.014051,0.072474,0.0002,-4.8e-05,-0.000156,8.2e-05
wball,0.940613,0.909911,0.89961,0.870709,0.788961,0,0.085225,-0.003454,0.074796,-0.000525,0.000422,0.000412,-0.000376
wball,0.944568,0.995292,0.907008,0.91628,0.818713,0,0.0821,0.000172,0.077408,-5.5e-05,0.000289,6.5e-05,-0.000278
wball,0.933638,0.938488,0.891181,0.897404,0.785326,0,0.082341,0.004157,0.077403,-2.4e-05,3.4e-05,1.7e-05,-3.2e-05
wball,0.933494,0.956257,0.899132,0.905566,0.787645,0,0.077218,0.003335,0.082357,6.9e-05,0.000219,-6.3e-05,-0.000221
wball,0.959712,0.965939,0.919209,0.87284,0.817857,0,0.077602,-0.002848,0.082037,0.0002,0.000322,-0.000268,-0.000324
wball,0.95098,0.989961,0.909949,0.911222,0.807895,0,0.08202,0.000167,0.077592,-0.000271,0.000753,0.00027,-0.000641
wball,0.962122,0.793286,0.905595,0.783826,0.820833,0,0.096965,-0.002312,0.06565,2.5e-05,0.000466,-8e-06,-0.000283
wball,0.934994,0.97741,0.895129,0.894179,0.794737,0,0.079318,-0.000678,0.080254,-6.5e-05,0.000709,7.9e-05,-0.000727
ylego,0.952057,0.607279,0.687806,0.489884,0.758242,0,0.134877,0.019872,0.056669,3.9e-05,0.005494,0.002245,0.000594
ylego,0.918612,0.868029,0.767157,0.659657,0.814286,0,0.075288,-0.003471,0.091732,-0.00141,-0.005184,0.002488,0.004165
ylego,0.949331,0.881751,0.720034,0.567117,0.969618,0,0.047341,-0.001021,0.145185,1.3e-05,-0.000494,-0.000428,0.000871
ylego,0.983146,0.243533,0.765392,0.616568,0.947368,0,0.058175,0.000253,0.119484,1.7e-05,0.001716,0.000567,-0.002425
ylego,0.909891,0.767056,0.785,0.646579,0.822515,0,0.072502,-0.019068,0.097088,0.002185,-0.00081,-0.003612,0.002327
ylego,0.884945,0.94167,0.765228,0.711379,0.80093,0,0.087987,0.004383,0.075876,0.001324,-0.001895,-0.002065,0.001748
ylego,0.893589,0.825993,0.762858,0.625653,0.872035,0,0.078904,-0.013821,0.087659,0.001796,0.001231,-0.0015,-0.000281
ylego,0.94154,0.851098,0.817775,0.669055,0.84619,0,0.073284,0.000551,0.091454,0.002083,-0.001013,-0.002192,0.002684
ylego,0.899449,0.900584,0.736057,0.665824,0.750165,0,0.090682,0.001291,0.07708,-0.006194,0.002714,0.003091,-0.00062
ylego,0.92087,0.807066,0.782759,0.660487,0.838542,0,0.068336,-0.006789,0.099328,0.001379,-0.002577,-0.00316,0.003677
ylego,0.955045,0.812428,0.739434,0.604842,0.878786,0,0.056449,0.002491,0.12337,-0.000172,-0.001272,-0.000452,0.001865
ylego,0.906273,0.92552,0.754127,0.637482,0.830682,0,0.088613,0.005095,0.078057,0.002397,0.001929,-0.003698,-0.001657
ylego,0.903822,0.873715,0.676161,0.601643,0.768839,0,0.114923,-0.000356,0.062832,-0.001729,0.004819,0.001867,-0.000349
