1 4 draw -0.419757 -0.210623 92.1927 137.014 -0.41841 -0.21135 91.1496 140.521
1 4 draw -0.387238 -0.195343 93.7466 151.767 -0.386157 -0.19525 93.7745 154.023
1 4 draw -0.39536 -0.180952 103.966 146.043 -0.396037 -0.181344 101.909 149.233
1 4 draw -0.367971 -0.137562 119.161 160.58 -0.367391 -0.13719 119.008 159.517
1 4 draw -0.330706 -0.196609 85.1958 173.126 -0.331186 -0.199387 85.1149 177.166
1 4 draw -0.43265 -0.231932 84.8572 134.594 -0.431248 -0.231507 83.6526 135.835
1 4 draw -0.377058 -0.234265 74.2864 153.897 -0.378746 -0.229246 76.8233 157.781
1 4 draw -0.380138 -0.225769 78.7645 157.465 -0.380021 -0.222841 80.0795 155.133
1 4 draw -0.432959 -0.241592 79.3971 136.522 -0.457866 -0.200255 99.7952 130.684
1 4 draw -0.374544 -0.198085 90.8883 158.721 -0.378276 -0.197946 92.2207 152.581
1 4 push -0.438868 -0.184611 105.3 138.149 -0.48513 -0.255722 79.825 119.808
1 4 push -0.429481 -0.291614 56.5819 136.457 -0.473238 -0.279802 68.8114 122.624
1 4 push -0.447214 -0.287831 61.4047 129.769 -0.493538 -0.27452 71.5649 125.385
1 4 push -0.440434 -0.126702 128.117 140.033 -0.477421 -0.192323 105.83 122.02
1 4 push -0.421297 -0.23343 80.6272 140.012 -0.520775 -0.243879 90.174 118.097
1 4 push -0.393751 -0.16577 108.495 148.99 -0.536544 -0.161827 122.313 109.095
1 4 push -0.45909 -0.27422 69.2743 126.7 -0.53274 -0.234336 98.5986 100.934
1 4 push -0.420783 -0.225982 86.4108 132.004 -0.543226 -0.218689 98.2468 110.284
1 4 push -0.439057 -0.275394 63.7844 139.393 -0.516686 -0.252385 86.4639 111.23
1 4 push -0.407546 -0.223989 83.5926 144.323 -0.517565 -0.279798 74.2862 117.056
1 4 tapFromLeft -0.33539 -0.144071 112.384 173.808 -0.341848 -0.0199726 174.973 175.252
1 4 tapFromLeft -0.285047 -0.198626 76.4687 197.578 -0.34107 -0.0923369 138.841 174.323
1 4 tapFromLeft -0.397058 -0.0800823 147.924 152.008 -0.520808 0.0596111 205.626 117.969
1 4 tapFromLeft -0.361137 -0.130359 120.783 164.042 -0.36686 -0.000562977 183.914 164.313
1 4 tapFromLeft -0.363254 -0.200845 87.7993 164.665 -0.35741 -0.0884767 141.582 165.19
1 4 tapFromLeft -0.366479 -0.155433 110.394 159.631 -0.350184 -0.0193164 174.874 170.885
1 4 tapFromLeft -0.346073 -0.243458 64.0927 170.163 -0.339407 -0.109601 130.391 173.039
1 4 tapFromLeft -0.385798 -0.232785 76.4623 152.347 -0.368753 -0.12099 127.951 160.943
1 4 tapFromLeft -0.332515 -0.137565 116.207 175.221 -0.375325 -0.0433888 164.259 160.549
1 4 tapFromLeft -0.333462 -0.159484 104.708 175.103 -0.285613 0.00163156 185.548 201.928
1 4 tapFromLeft -0.334006 -0.157184 105.139 175.461 -0.306366 -0.0503563 158.523 191.601
1 4 tapFromLeft -0.320089 -0.211181 75.8183 182.86 -0.309515 -0.0693961 147.986 189.339
1 4 tapFromLeft -0.396386 -0.169761 104.934 153.389 -0.440869 -0.0639056 155.811 137.748
1 4 tapFromLeft -0.351407 -0.0229801 172.978 170.685 -0.330466 0.0902647 230.303 182.628
1 4 tapFromRight -0.383319 -0.164535 107.67 155.155 -0.369913 -0.317959 33.0408 160.081
1 4 tapFromRight -0.39306 -0.191382 96.303 153.214 -0.620172 -0.360942 57.8455 89.2469
1 4 tapFromRight -0.442558 -0.193007 100.859 135.522 -0.414912 -0.353224 28.7558 132.839
1 4 tapFromRight -0.353608 -0.171163 101.068 163.323 -0.412598 -0.304327 47.9865 144.054
1 4 tapFromRight -0.38237 -0.148386 115.51 154.549 -0.518184 -0.248339 87.8536 111.218
1 4 tapFromRight -0.396545 -0.0752494 150.093 151.546 -0.397487 -0.190413 96.4604 152.314
1 4 tapFromRight -0.393454 -0.0358935 166.769 155.48 -0.367959 -0.143505 116.412 159.584
1 4 tapFromRight -0.375801 -0.0524439 159.729 159.196 -0.385771 -0.174582 103.796 151.925
1 4 tapFromRight -0.397692 -0.0299178 170.16 152.28 -0.398515 -0.142268 118.787 152.957
1 4 tapFromRight -0.409124 -0.0805578 147.504 149.392 -0.419508 -0.198462 96.229 144.823
1 7 draw -0.441759 -0.190002 102.899 132.439 -0.442633 -0.190384 103.271 133.209
1 7 draw -0.37473 -0.209578 85.3554 159.799 -0.379462 -0.208316 87.6661 149.513
1 7 draw -0.404325 -0.161692 109.652 149.363 -0.402092 -0.162349 112.458 148.883
1 7 draw -0.397756 -0.120399 131.098 151.043 -0.410796 -0.124177 129.61 151.465
1 7 draw -0.445167 -0.150204 120.138 135.059 -0.448093 -0.151806 119.075 131.005
1 7 draw -0.416767 -0.205277 92.7186 139.737 -0.430777 -0.20882 92.3343 142.189
1 7 draw -0.35814 -0.173961 99.7301 163.471 -0.358166 -0.174057 103.145 163.662
1 7 draw -0.442428 -0.23842 83.1746 134.849 -0.444849 -0.240115 80.4568 129.54
1 7 draw -0.43662 -0.19052 101.784 131.915 -0.451058 -0.198305 98.4056 128.016
1 7 draw -0.415351 -0.210845 89.1544 138.914 -0.414401 -0.210462 90.0089 141.927
1 7 push -0.352944 -0.216955 78.5411 164.614 -0.392728 -0.230238 78.2362 155.151
1 7 push -0.411786 -0.206601 92.8217 139.803 -0.507778 -0.204724 105.264 112.988
1 7 push -0.402521 -0.251172 71.9046 143.047 -0.49664 -0.251915 95.1663 108.032
1 7 push -0.433211 -0.171857 118.752 129.872 -0.566001 -0.197959 111.931 102.861
1 7 push -0.422453 -0.152453 117.774 139.257 -0.522829 -0.169604 119.747 109.699
1 7 push -0.391708 -0.234078 77.2329 146.661 -0.456126 -0.251685 78.8564 127.242
1 7 push -0.469167 -0.260369 78.7247 127.235 -0.454325 -0.249177 78.9375 126.844
1 7 push -0.453278 -0.220893 90.7763 128.417 -0.498984 -0.224292 93.6268 118.305
1 7 push -0.426587 -0.202362 94.8472 139.993 -0.543367 -0.214722 102.76 107.51
1 7 push -0.413384 -0.237892 78.1188 143.401 -0.473848 -0.244207 83.8981 126.047
1 7 tapFromLeft -0.371764 -0.204934 87.9577 158.974 -0.3872 -0.142153 118.485 153.342
1 7 tapFromLeft -0.460261 -0.212912 95.4237 127.921 -0.454533 -0.164432 114.533 131.73
1 7 tapFromLeft -0.384471 -0.2172 83.2229 153.632 -0.390643 -0.118018 129.796 152.087
1 7 tapFromLeft -0.401038 -0.162812 110.478 154.77 -0.390407 -0.0664068 152.961 154.13
1 7 tapFromLeft -0.288965 -0.175646 89.4772 194.616 -0.265671 -0.0459973 158.522 211.646
1 7 tapFromLeft -0.424395 -0.238629 79.6133 140.821 -0.435869 -0.184359 105.56 132.081
1 7 tapFromLeft -0.312382 -0.226467 66.1205 174.227 -0.323229 -0.123281 121.555 180.096
1 7 tapFromLeft -0.393672 -0.229669 79.214 148.847 -0.401766 -0.125325 126.644 152.626
1 7 tapFromLeft -0.408155 -0.241826 74.8013 150.234 -0.421671 -0.145392 118.801 145.511
1 7 tapFromLeft -0.401291 -0.199323 92.1181 148.906 -0.393992 -0.103725 135.525 155.244
1 7 tapFromRight -0.340325 -0.212156 78.449 169.598 -0.350128 -0.33677 19.1406 164.32
1 7 tapFromRight -0.439146 -0.0883539 145.52 137.016 -0.451946 -0.190707 102.86 130.546
1 7 tapFromRight -0.373331 -0.0895812 142.416 160.31 -0.37265 -0.190252 94.2242 161.325
1 7 tapFromRight -0.475225 -0.14559 123.38 128.413 -0.477699 -0.29622 62.4254 122.975
1 7 tapFromRight -0.260097 -0.147301 101.716 211.529 -0.279407 -0.234496 56.5971 204.047
1 7 tapFromRight -0.419322 -0.138686 123.414 142.667 -0.446837 -0.24453 80.4038 131.02
1 7 tapFromRight -0.376814 -0.198053 90.4877 161.836 -0.387942 -0.255623 64.829 164.231
1 7 tapFromRight -0.416277 -0.210474 89.1257 156.272 -0.461059 -0.329352 45.2678 130.214
1 7 tapFromRight -0.390935 -0.168373 106.244 154.314 -0.397713 -0.273978 60.0215 141.129
1 7 tapFromRight -0.375119 -0.16583 106.523 154.315 -0.414004 -0.258112 71.2611 133.575
2 4 draw -0.384135 -0.188502 96.4672 155.451 -0.327265 -0.165471 103.251 180.573
2 4 draw -0.342174 -0.202005 84.1405 175.129 -0.303741 -0.163233 98.5065 187.822
2 4 draw -0.37955 -0.199809 91.0729 155.719 -0.367797 -0.188354 94.6652 158.934
2 4 draw -0.378048 -0.203709 88.922 154.685 -0.32746 -0.165188 100.599 179.162
2 4 draw -0.417929 -0.266678 65.9856 142.759 -0.388793 -0.235042 75.1319 151.905
2 4 draw -0.33952 -0.125115 122.102 173.37 -0.310951 -0.122641 120.811 187.162
2 4 draw -0.33114 -0.124197 121.898 177.907 -0.282561 -0.0608076 151.686 201.985
2 4 draw -0.369292 -0.174069 100.993 160.712 -0.314634 -0.15675 103.251 184.541
2 4 draw -0.318903 -0.180187 91.5405 182.753 -0.314585 -0.181731 90.2106 184.97
2 4 draw -0.373199 -0.152582 111.218 163.24 -0.312033 -0.160186 100.871 183.425
2 4 push -0.381896 -0.171927 103.973 157.168 -0.528293 -0.167212 120.784 106.89
2 4 push -0.3675 -0.173685 101.193 155.259 -0.5113 -0.206559 100.986 117.998
2 4 push -0.388806 -0.241817 71.2498 153.58 -0.528569 -0.156983 124.084 110.886
2 4 push -0.372147 -0.268925 57.4957 155.542 -0.496207 -0.195633 106.583 117.922
2 4 push -0.373443 -0.139212 118.987 158.091 -0.521913 -0.151094 125.053 114.115
2 4 push -0.410485 -0.177795 104.211 145.808 -0.446791 -0.112703 137.079 132.303
2 4 push -0.361105 -0.156941 109.174 159.658 -0.496167 -0.163638 118.038 120.859
2 4 push -0.374849 -0.133712 121.78 157.354 -0.513601 -0.125355 134.517 116.233
2 4 push -0.372565 -0.213485 83.1311 158.567 -0.507723 -0.145383 126.267 120.486
2 4 push -0.384193 -0.193969 93.7043 157.779 -0.515429 -0.179654 111.671 118.514
2 4 tapFromLeft -0.3885 -0.130327 124.123 154.644 -0.347729 -0.0645338 153.522 169.794
2 4 tapFromLeft -0.404195 -0.153188 115.043 147.976 -0.390997 -0.0968232 140.204 152.222
2 4 tapFromLeft -0.393897 -0.168258 107.828 148.786 -0.381201 -0.0852456 144.293 158.891
2 4 tapFromLeft -0.392806 -0.206056 89.4788 153.14 -0.344113 -0.131541 119.624 171.382
2 4 tapFromLeft -0.459501 -0.236246 84.9527 128.904 -0.459258 -0.112601 137.559 130.693
2 4 tapFromLeft -0.415477 -0.248078 74.4331 140.87 -0.427311 -0.123408 131.306 137.607
2 4 tapFromLeft -0.348562 -0.239439 66.8865 160.414 -0.314545 -0.166284 99.5161 181.853
2 4 tapFromLeft -0.325333 -0.272674 47.2827 173.903 -0.290551 -0.175493 90.7638 196.977
2 4 tapFromLeft -0.37409 -0.173173 102.413 158.687 -0.338133 -0.0883532 140.881 175.069
2 4 tapFromLeft -0.419093 -0.168618 109.513 143.025 -0.392082 -0.0917795 141.823 150.907
2 4 tapFromRight -0.405157 -0.160066 111.776 147.308 -0.369454 -0.25278 64.2999 158.63
2 4 tapFromRight -0.356218 -0.152476 110.556 165.967 -0.519926 -0.184268 110.666 116.281
2 4 tapFromRight -0.364989 -0.200391 88.7063 165.549 -0.3632 -0.296766 41.2706 165.318
2 4 tapFromRight -0.392794 -0.0850602 144.367 155.604 -0.354704 -0.180706 96.7711 161.641
2 4 tapFromRight -0.458387 -0.0321753 171.577 132.641 -0.419224 -0.154539 115.32 143.817
2 4 tapFromRight -0.418901 -0.154702 115.276 143.773 -0.37169 -0.249414 66.6872 157.679
2 4 tapFromRight -0.473833 -0.103102 141.673 126.457 -0.563293 -0.231652 99.1438 101.816
2 4 tapFromRight -0.493318 -0.121815 135.371 121.194 -0.485102 -0.217428 95.9259 120.77
2 4 tapFromRight -0.509125 -0.189462 109.233 114.932 -0.471912 -0.291163 64.0679 125.201
2 4 tapFromRight -0.366776 -0.0657182 152.986 164.856 -0.293191 -0.168209 94.9003 194.667
2 7 draw -0.336284 -0.164089 102.524 175.594 -0.25538 -0.198588 71.0034 215.195
2 7 draw -0.363241 -0.188968 93.5363 164.431 -0.286703 -0.16251 97.0377 197.621
2 7 draw -0.338475 -0.194982 87.3466 172.907 -0.305014 -0.189563 84.959 182.039
2 7 draw -0.33413 -0.209571 80.1423 168.426 -0.257823 -0.168847 87.9883 211.489
2 7 draw -0.397264 -0.210575 87.6733 148.501 -0.331682 -0.187201 89.9565 177.915
2 7 draw -0.406003 -0.217861 85.077 149.686 -0.36147 -0.197173 89.3917 163.452
2 7 draw -0.443975 -0.195382 100.219 134.297 -0.368255 -0.166977 104.739 160.453
2 7 draw -0.448059 -0.216146 92.2077 133.317 -0.362632 -0.213106 82.1054 161.696
2 7 draw -0.454189 -0.205809 96.9804 131.063 -0.37773 -0.181965 99.2017 155.682
2 7 draw -0.330921 -0.258861 54.014 173.437 -0.256528 -0.231496 52.2625 212.899
2 7 push -0.331978 -0.172272 97.7435 171.27 -0.447564 -0.184516 104.485 132.632
2 7 push -0.344761 -0.171747 98.9755 168.195 -0.468397 -0.183689 107.448 126.779
2 7 push -0.41591 -0.147028 118.33 143.614 -0.530929 -0.13274 132.552 111.582
2 7 push -0.380368 -0.191431 94.5827 156.419 -0.478677 -0.17098 114.127 124.415
2 7 push -0.411509 -0.205286 92.4628 144.646 -0.515729 -0.177367 115.024 115.019
2 7 push -0.428033 -0.180917 105.203 139.692 -0.555963 -0.154058 126.735 98.5024
2 7 push -0.39027 -0.154022 112.066 148.897 -0.507091 -0.130465 132.025 116.782
2 7 push -0.442643 -0.159971 114.483 133.918 -0.592069 -0.153789 125.733 102.768
2 7 push -0.406962 -0.144764 119.614 149.943 -0.539359 -0.122473 136.855 112.08
2 7 push -0.400488 -0.148605 117.524 151.999 -0.528745 -0.154487 124.281 110.288
2 7 tapFromLeft -0.358195 -0.14542 114.936 167.903 -0.350845 -0.0666391 151.101 170.055
2 7 tapFromLeft -0.41557 -0.0373445 167.763 146.506 -0.413336 0.0355819 201.699 131.328
2 7 tapFromLeft -0.334728 -0.163538 102.443 176.761 -0.327124 -0.0840461 142.12 180.228
2 7 tapFromLeft -0.390157 -0.145111 117.191 152.483 -0.379874 -0.0921233 141.762 162.834
2 7 tapFromLeft -0.419791 -0.207584 93.2284 145.466 -0.403412 -0.16577 113.676 141.869
2 7 tapFromLeft -0.385381 -0.0975335 137.853 154.298 -0.364771 -0.0320831 169.3 163.008
2 7 tapFromLeft -0.290133 -0.127192 114.211 188.355 -0.274359 -0.0520289 154.55 202.066
2 7 tapFromLeft -0.271165 -0.18935 78.2201 192.817 -0.251507 -0.147604 101.109 218.859
2 7 tapFromLeft -0.374716 -0.132858 120.137 156.526 -0.384344 -0.0712735 150.444 162.632
2 7 tapFromLeft -0.424326 -0.184088 103.764 143.391 -0.434658 -0.127855 129.694 136.275
2 7 tapFromRight -0.345144 -0.187487 92.3284 166.409 -0.33277 -0.280965 42.4974 173.996
2 7 tapFromRight -0.408956 -0.122553 128.62 147.619 -0.367541 -0.207151 85.7705 158.746
2 7 tapFromRight -0.345155 -0.207231 81.9083 167.395 -0.326397 -0.285981 39.2266 187.529
2 7 tapFromRight -0.355859 -0.24499 65.2832 175.381 -0.347316 -0.321406 26.8022 161.187
2 7 tapFromRight -0.333278 -0.131089 119.102 174.627 -0.340512 -0.214018 77.9497 176.258
2 7 tapFromRight -0.441389 -0.103975 138.073 138.778 -0.424505 -0.186021 103.115 139.016
2 7 tapFromRight -0.430396 -0.153417 117.955 138.074 -0.416615 -0.228221 83.908 140.919
2 7 tapFromRight -0.411074 -0.19494 97.0412 144.693 -0.393943 -0.271112 59.8041 149.69
2 7 tapFromRight -0.406479 -0.18584 100.013 146.604 -0.373484 -0.265343 59.1685 154.21
2 7 tapFromRight -0.487468 -0.232977 90.7778 118.66 -0.48921 -0.220249 94.8145 121.032
2 7 tapFromRight -0.356618 -0.229869 72.8907 162.892 -0.34998 -0.317255 29.0376 157.889
3 4 draw -0.36989 -0.180358 98.2024 160.045 -0.251212 -0.131898 108.923 219.62 
3 4 draw -0.374527 -0.204531 88.0321 159.03 -0.311499 -0.123684 120.724 187.668 
3 4 draw -0.40924 -0.258781 67.6334 147.059 -0.366726 -0.243365 68.6801 161.227 
3 4 draw -0.413001 -0.136424 123.333 143.3 -0.376741 -0.13885 119.088 158.743 
3 4 draw -0.426838 -0.196676 97.8742 141.299 -0.385234 -0.154898 112.284 157.746 
3 4 draw -0.445925 -0.192143 101.541 136.536 -0.399014 -0.195016 95.0328 148.435 
3 4 draw -0.437802 -0.257334 73.383 132.937 -0.510508 -0.136847 129.46 117.431 
3 4 draw -0.432871 -0.248169 77.7934 131.848 -0.428631 -0.224882 83.7957 146.229 
3 4 draw -0.409617 -0.25475 68.1724 153.786 -0.349923 -0.181449 96.3679 166.345 
3 4 draw -0.419422 -0.186184 102.947 141.413 -0.337189 -0.1245 122.407 175.581 
3 4 push -0.428123 -0.191919 99.871 140.884 -0.591176 -0.132985 134.892 97.3299 
3 4 push -0.442249 -0.177097 107.315 135.06 -0.472905 -0.13775 127.194 126.13 
3 4 push -0.439799 -0.300967 54.9073 132.907 -0.560282 -0.240776 94.4512 101.872 
3 4 push -0.436783 -0.21436 92.7203 132.109 -0.424071 -0.125581 128.437 142.473 
3 4 push -0.421617 -0.126095 128.136 143.006 -0.569442 -0.122246 138.051 102.468 
3 4 push -0.411085 -0.165838 109.903 145.861 -0.489719 0.00303649 184.273 124.012 
3 4 push -0.448109 -0.194157 101.136 131.04 -0.577218 -0.133842 132.258 103.002 
3 4 push -0.457147 -0.19181 101.571 134.1 -0.461927 -0.115523 135.326 131.016 
3 4 push -0.412966 -0.161361 112.095 145.517 -0.590593 -0.194292 114.767 96.5219 
3 4 push -0.407247 -0.214871 87.8879 144.943 -0.518543 -0.113251 139.12 115.22 
3 4 tapFromLeft -0.388488 -0.175953 102.906 148.554 -0.364353 -0.107297 133.505 160.649 
3 4 tapFromLeft -0.398121 -0.174052 106.145 144.858 -0.358748 -0.106134 133.127 164.59 
3 4 tapFromLeft -0.363792 -0.21465 81.3251 160.038 -0.330133 -0.154126 106.872 180.807 
3 4 tapFromLeft -0.375153 -0.246748 68.1325 159.934 -0.365414 -0.144605 115.698 160.978 
3 4 tapFromLeft -0.372717 -0.213866 83.5943 156.139 -0.381978 -0.114433 130.812 156.217 
3 4 tapFromLeft -0.400337 -0.228385 81.0461 144.441 -0.386262 -0.1469 117.208 154.728 
3 4 tapFromLeft -0.37706 -0.230828 76.8272 156.115 -0.350282 -0.15621 108.819 175.367 
3 4 tapFromLeft -0.390402 -0.267986 59.9952 162.182 -0.351423 -0.158718 106.509 166.881 
3 4 tapFromLeft -0.437098 -0.198003 99.0114 134.951 -0.410153 -0.0991509 140.252 147.092 
3 4 tapFromLeft -0.398326 -0.193985 96.5463 149.07 -0.320873 -0.136395 114.791 182.626 
3 4 tapFromRight -0.382978 -0.215536 83.2639 155.886 -0.464908 -0.336658 43.608 126.083 
3 4 tapFromRight -0.379459 -0.199272 90.7781 156.337 -0.391074 -0.328949 32.2518 147.191 
3 4 tapFromRight -0.332749 -0.138343 113.373 177.123 -0.368404 -0.22556 76.2727 162.171 
3 4 tapFromRight -0.3917 -0.133046 122.614 154.484 -0.367093 -0.28624 47.5153 158.891 
3 4 tapFromRight -0.431998 -0.163875 112.696 139.287 -0.399179 -0.262722 63.4483 150.912 
3 4 tapFromRight -0.419145 -0.117168 131.694 146.425 -0.387923 -0.21527 84.1909 152.763 
3 4 tapFromRight -0.379109 -0.135935 120.207 156.955 -0.349629 -0.240769 65.8087 165.275 
3 4 tapFromRight -0.468883 -0.177907 110.133 125.102 -0.464779 -0.270322 73.1348 123.108 
3 4 tapFromRight -0.472366 -0.151645 122.545 124.999 -0.468506 -0.236438 86.1749 128.337 
3 4 tapFromRight -0.47443 -0.149855 122.404 128.064 -0.459519 -0.254801 75.5327 134.959 
3 7 draw -0.391627 -0.189698 96.9055 151.07 -0.336917 -0.143991 112.563 174.669 
3 7 draw -0.421615 -0.20998 91.3499 141.479 -0.31754 -0.199479 81.5459 179.831 
3 7 draw -0.420619 -0.194306 98.6516 140.272 -0.424027 -0.191662 99.153 144.047 
3 7 draw -0.438422 -0.144919 120.704 140.451 -0.383744 -0.155428 111.707 155.351 
3 7 draw -0.438966 -0.180529 105.832 135.862 -0.391928 -0.19154 95.5211 157.253 
3 7 draw -0.457664 -0.147803 121.337 131.511 -0.425259 -0.140838 123.414 139.526 
3 7 draw -0.435574 -0.169837 112.446 134.837 -0.414299 -0.169024 109.058 144.007 
3 7 draw -0.436964 -0.194745 100.19 137.934 -0.407705 -0.186923 98.4443 153.153 
3 7 draw -0.406195 -0.150122 114.9 153.149 -0.356115 -0.144878 114.132 167.054 
3 7 draw -0.438544 -0.139142 123.439 137.723 -0.374679 -0.104125 133.592 163.402 
3 7 push -0.408005 -0.129772 126.322 147.319 -0.564407 -0.126276 137.727 102.829 
3 7 push -0.425198 -0.181829 104.496 139.562 -0.524796 -0.178377 114.091 112.438 
3 7 push -0.40144 -0.175355 104.544 149.448 -0.537284 -0.171659 118.296 109.49 
3 7 push -0.424578 -0.183783 103.276 141.44 -0.577838 -0.184427 116.607 100.358 
3 7 push -0.451683 -0.125629 130.725 133.78 -0.60002 -0.118291 141.494 96.2886 
3 7 push -0.41928 -0.16063 112.976 142.841 -0.582734 -0.168057 122.075 98.9317 
3 7 push -0.365816 -0.151083 112.091 162.554 -0.484891 -0.147775 123.569 124.217 
3 7 push -0.379468 -0.183401 97.9073 161.255 -0.514885 -0.197833 104.698 115.544 
3 7 push -0.342945 -0.209594 80.1204 172.474 -0.466171 -0.211863 96.8633 124.967 
3 7 push -0.353089 -0.203564 85.0791 163.493 -0.488815 -0.211308 97.2388 120.812 
3 7 tapFromLeft -0.368306 -0.219706 78.0003 160.357 -0.357244 -0.160134 107.133 162.013 
3 7 tapFromLeft -0.362591 -0.235145 71.6383 156.853 -0.346809 -0.173638 98.988 169.418 
3 7 tapFromLeft -0.321564 -0.219963 71.9784 179.544 -0.307628 -0.162744 100.196 186.976 
3 7 tapFromLeft -0.348082 -0.217112 78.5969 168.323 -0.327285 -0.162849 102.451 177.763 
3 7 tapFromLeft -0.316914 -0.181145 92.0867 181.117 -0.299609 -0.119078 122.264 193.815 
3 7 tapFromLeft -0.391001 -0.164515 108.085 152.563 -0.390483 -0.107067 133.79 155.155 
3 7 tapFromLeft -0.365371 -0.181495 96.7103 163.337 -0.357316 -0.13173 121.746 165.604 
3 7 tapFromLeft -0.344981 -0.153254 110.079 170.483 -0.336465 -0.104478 134.011 177.51 
3 7 tapFromLeft -0.463708 -0.267853 72.2645 130.023 -0.45552 -0.221975 90.2004 130.2 
3 7 tapFromLeft -0.37174 -0.253041 64.0751 157.595 -0.360177 -0.210238 83.0478 163.497 
3 7 tapFromRight -0.36098 -0.209864 82.6625 167.49 -0.362888 -0.288428 45.9085 159.972 
3 7 tapFromRight -0.331106 -0.147792 110.142 177.196 -0.357125 -0.209665 83.5089 161.297 
3 7 tapFromRight -0.431617 -0.117588 134.368 139.05 -0.408773 -0.185616 100.502 147 
3 7 tapFromRight -0.381822 -0.142426 117.621 157.628 -0.34193 -0.125393 122.508 171.716 
3 7 tapFromRight -0.378514 -0.156137 111.434 156.548 -0.37878 -0.1551 111.924 158.342 
3 7 tapFromRight -0.332672 -0.105611 132.219 177.255 -0.354374 -0.179124 97.1173 169.009 
3 7 tapFromRight -0.382212 -0.0791104 146.876 158.376 -0.367538 -0.147592 113.405 161.977 
3 7 tapFromRight -0.491347 -0.179302 110.371 121.608 -0.451714 -0.246871 80.0047 131.334 
3 7 tapFromRight -0.363541 -0.166832 104.471 162.303 -0.357817 -0.26221 55.3886 160.182 
3 7 tapFromRight -0.384855 -0.131099 121.889 153.039 -0.365533 -0.216884 80.3132 163.998 