hook pear 3 -0.524073 0.216935 236 121 -0.188892 -0.0829916 118 260
hook pear 3 -0.536896 0.045131 177 117 -0.444423 0.114051 207 143
hook pear 3 -0.448663 0.113042 207 141 -0.683577 -0.0208668 153 86
hook pear 3 -0.686596 -0.0161141 154 85 -0.485654 -0.0459266 145 130
hook pear 3 -0.474688 -0.0450622 144 134 -0.405234 -0.0154089 134 156
hook pear 3 -0.50285 -0.149456 104 126 -0.404833 -0.172071 88 157
hook pear 3 -0.503465 -0.166357 98 126 -0.433909 -0.128624 109 142
hook pear 3 -0.433122 -0.115933 115 146 -0.353267 -0.128742 106 177
hook pear 3 -0.524643 0.102981 197 119 -0.70665 0.0175587 166 82
hook pear 3 -0.573449 0.138133 208 109 -0.783233 0.0571965 175 70
hook pear 4 -0.446359 -0.0115293 156 142 -0.56739 -0.170945 98 110
hook pear 4 -0.551468 -0.162883 102 112 -0.692991 -0.248489 79 85
hook pear 4 -0.556543 -0.0565438 141 112 -0.571031 -0.151599 106 109
hook pear 4 -0.538843 0.0381563 174 117 -0.692812 0.0118405 162 84
hook pear 4 -0.514778 -0.305897 43 124 -0.605663 -0.242605 79 101
hook pear 4 -0.536007 0.15799 216 118 -0.610761 0.211986 227 100
hook pear 4 -0.603473 0.17771 217 103 -0.747359 0.190313 215 79
hook pear 4 -0.543195 -0.0149584 154 115 -0.596067 -0.13326 115 101
hook pear 4 -0.596721 -0.133273 115 109 -0.615369 -0.178609 99 100
hook pear 4 -0.563739 0.176435 220 112 -0.791159 0.191142 208 69
hook pear 2 -0.507002 -0.281418 52 123 -0.54647 -0.175858 97 113
hook pear 2 -0.532393 -0.162927 101 120 -0.627008 -0.184532 98 95
hook pear 2 -0.531293 -0.0357857 147 118 -0.57694 0.0679165 186 108
hook pear 2 -0.589108 0.0703306 183 105 -0.500155 0.185373 228 127
hook pear 2 -0.527023 0.0247659 170 120 -0.606723 0.0841254 186 100
hook pear 2 -0.607338 0.0774663 187 101 -0.618312 0.156131 211 100
hook pear 2 -0.629867 0.193146 219 98 -0.620163 0.243619 238 100
hook pear 2 -0.491782 -0.00519797 159 129 -0.460933 0.102301 201 137
hook pear 2 -0.461476 0.102671 201 137 -0.534139 0.152406 214 122
hook pear 2 -0.448206 -0.0500667 142 141 -0.529639 0.0314386 172 119
hook pear 2 -0.529885 0.11224 200 122 -0.48092 0.240645 251 135
hook pear 1 -0.559608 -0.00392904 158 112 -0.591881 -0.0391578 146 104
hook pear 1 -0.580113 -0.0456811 145 106 -0.769499 -0.17412 111 68
hook pear 1 -0.550272 0.132762 206 112 -0.517152 -0.0939655 126 122
hook pear 1 -0.509573 -0.0876437 128 124 -0.420013 -0.204921 75 148
hook pear 1 -0.477178 0.062955 185 132 -0.602715 -0.000585738 159 102
hook pear 1 -0.603946 -0.00039512 160 102 -0.591611 -0.0736261 135 105
hook pear 1 -0.602863 -0.100695 126 104 -0.619449 -0.233195 82 96
hook pear 1 -0.454961 0.0936544 198 145 -0.361936 -0.139657 77 179
hook pear 1 -0.609732 0.193756 222 100 -0.429418 -0.0732747 130 147
hook pear 1 -0.43174 -0.0716679 133 146 -0.403303 -0.162399 92 156
rake pear 3 -0.66769 0.054403 177 89 -0.567934 0.0949202 193 110
rake pear 3 -0.662788 0.244759 234 92 -0.527982 0.277556 257 121
rake pear 3 -0.641271 0.0534265 177 94 -0.491461 0.0923164 196 129
rake pear 3 -0.651457 -0.129998 118 90 -0.592632 -0.0523867 143 103
rake pear 3 -0.645483 -0.243671 80 90 -0.536605 -0.195886 89 115
rake pear 3 -0.591597 0.0215706 168 104 -0.516538 0.130008 208 123
rake pear 3 -0.597293 0.0477757 176 103 -0.483441 0.0623404 185 131
rake pear 3 -0.585538 0.192732 224 107 -0.480534 0.277471 263 134
rake pear 3 -0.725324 0.14576 202 80 -0.65228 0.152761 207 93
rake pear 3 -0.594214 0.049923 177 104 -0.474343 0.135164 213 136
rake pear 4 -0.613842 0.179866 217 100 -0.829271 0.199692 213 65
rake pear 4 -0.554296 0.0293269 171 114 -0.489171 -0.127259 113 128
rake pear 4 -0.545782 -0.218556 81 116 -0.690537 -0.130909 120 82
rake pear 4 -0.597657 -0.202226 91 102 -0.64605 -0.370545 36 89
rake pear 4 -0.571955 -0.093678 127 109 -0.712545 -0.135983 118 79
rake pear 4 -0.633108 0.114596 196 96 -0.48734 -0.226654 72 128
rake pear 4 -0.622024 0.0905657 189 98 -0.792077 0.214435 217 71
rake pear 4 -0.571702 0.134898 205 107 -0.523822 -0.0634335 138 120
rake pear 4 -0.594562 0.132085 203 106 -0.732638 0.303184 242 77
rake pear 4 -0.548508 -0.175499 97 113 -0.698142 -0.24334 83 81
rake pear 4 -0.582795 -0.0319111 150 112 -0.627845 -0.0794438 133 96
rake pear 2 -0.57959 -0.0869591 130 107 -0.599711 0.023018 168 102
rake pear 2 -0.561735 -0.021861 153 111 -0.580992 0.120603 201 106
rake pear 2 -0.592472 0.111064 197 105 -0.551665 0.25337 249 115
rake pear 2 -0.506306 -0.00705486 158 126 -0.469752 -0.00949141 158 134
rake pear 2 -0.509321 0.0125038 164 124 -0.503674 0.0510206 180 125
rake pear 2 -0.530893 0.0488429 178 118 -0.509176 0.155179 218 127
rake pear 2 -0.513539 0.143047 212 122 -0.469054 0.238302 249 136
rake pear 2 -0.544251 -0.0872551 130 114 -0.745921 -0.180619 114 67
rake pear 2 -0.591793 -0.0107409 156 104 -0.538934 0.0600247 182 116
rake pear 2 -0.601134 -0.343317 39 100 -0.685922 -0.25764 77 84
rake pear 2 -0.595255 -0.136526 112 104 -0.53588 -0.0265916 151 117
rake pear 1 -0.645854 -0.0448214 146 92 -0.480252 -0.12019 115 131
rake pear 1 -0.480182 -0.122696 114 131 -0.393692 -0.223047 63 158
rake pear 1 -0.549207 0.151688 213 115 -0.48915 -0.0282338 151 129
rake pear 1 -0.493209 -0.0150994 156 128 -0.468442 -0.130389 110 134
rake pear 1 -0.642206 0.159828 210 95 -0.575719 -0.0316902 150 107
rake pear 1 -0.575784 -0.0288227 151 107 -0.464654 -0.137166 107 135
rake pear 1 -0.647269 0.0666138 181 93 -0.764447 -0.140156 119 70
rake pear 1 -0.602312 0.138864 206 103 -0.494068 -0.0753739 133 127
rake pear 1 -0.552321 -0.0790261 133 112 -0.423239 -0.17291 89 148
rake pear 1 -0.517837 0.0753896 188 121 -0.877027 0.0998276 182 56
stick pear 3 -0.534272 -0.0818215 8 39 -0.541735 -0.0813877 131 116
stick pear 3 -0.530259 0.111599 198 106 -0.52143 0.105935 199 121
stick pear 3 -0.454217 -0.232038 65 130 -0.449045 -0.22031 71 142
stick pear 3 -0.524417 -0.10039 126 126 -0.521361 -0.0947741 126 121
stick pear 3 -0.51887 0.0842662 181 116 -0.528189 0.0720668 186 120
stick pear 3 -0.568237 0.0471841 175 103 -0.580984 0.0382027 174 108
stick pear 3 -0.489092 -0.0920728 128 130 -0.502203 -0.103002 122 126
stick pear 3 -0.592149 -0.210648 89 100 -0.59401 -0.192877 94 102
stick pear 3 -0.552578 0.00727772 156 106 -0.555819 0.00450655 163 112
stick pear 3 -0.531415 0.18623 219 111 -0.565502 0.202028 228 113
stick pear 4 -0.544487 -0.0633182 138 115 -0.60669 0.0162736 166 101
stick pear 4 -0.47265 -0.0822428 129 135 -0.663165 -0.117475 123 88
stick pear 4 -0.641548 -0.158091 107 94 -0.628432 -0.231894 83 94
stick pear 4 -0.46794 0.107392 202 135 -0.626032 -0.0236133 153 96
stick pear 4 -0.469765 0.126956 210 135 -0.79716 0.0183975 162 67
stick pear 4 -0.465841 -0.250079 60 139 -0.597438 -0.250047 72 104
stick pear 4 -0.537805 -0.166039 100 118 -0.578112 -0.209579 87 105
stick pear 4 -0.49912 0.0752867 189 128 -0.641373 0.0446819 175 94
stick pear 4 -0.433969 -0.0120631 157 147 -0.576599 -0.0357241 148 107
stick pear 4 -0.622729 -0.101704 126 98 -0.602246 -0.0620544 141 101
stick pear 2 -0.583151 -0.148298 109 105 -0.627899 -0.0113566 157 96
stick pear 2 -0.61399 0.000533606 160 99 -0.568037 0.130808 204 109
stick pear 2 -0.565229 0.124714 202 108 -0.700687 0.161084 208 84
stick pear 2 -0.488871 -0.245515 65 130 -0.50143 -0.154149 104 121
stick pear 2 -0.508535 -0.165639 98 123 -0.502143 -0.057483 141 124
stick pear 2 -0.513147 -0.0490889 144 123 -0.532938 -0.109476 120 117
stick pear 2 -0.545962 0.0446868 176 116 -0.634457 0.196871 222 96
stick pear 2 -0.598662 -0.190215 95 101 -0.519432 -0.129308 112 122
stick pear 2 -0.504237 -0.0841221 129 126 -0.46981 0.0433602 178 134
stick pear 2 -0.471059 0.0465844 179 135 -0.449529 0.103013 201 140
stick pear 1 -0.491497 -0.0158988 154 129 -0.526115 -0.162887 102 116
stick pear 1 -0.419169 0.136598 218 152 -0.402971 -0.0468033 146 156
stick pear 1 -0.446088 -0.0346041 148 142 -0.420846 -0.206825 74 145
stick pear 1 -0.515917 0.156156 216 122 -0.572876 0.00362419 162 108
stick pear 1 -0.585979 -0.0338803 148 105 -0.468035 -0.0991189 122 135
stick pear 1 -0.469152 -0.0983691 122 134 -0.476248 -0.194823 84 135
stick pear 1 -0.563232 0.0312829 172 111 -0.558366 -0.120913 117 111
stick pear 1 -0.551383 -0.115371 118 113 -0.570117 -0.180899 95 110
stick pear 1 -0.520246 0.109438 200 122 -0.426423 -0.0722902 132 148
stick pear 1 -0.484426 -0.0488576 142 131 -0.585544 -0.147428 109 103
hook ylego 3 -0.610129 -0.302163 53 100 -0.999901 -0.630936 0 30
hook ylego 3 -0.98016 0.00434488 158 44 -0.4819 -0.340394 23 127
hook ylego 3 -0.414772 -0.0747547 131 152 -0.474454 -0.0725421 134 133
hook ylego 3 -0.570776 -0.0434903 145 109 -0.497825 -0.0238284 154 126
hook ylego 3 -0.498724 -0.0221633 152 127 -0.368298 -0.0399405 146 169
hook ylego 3 -0.474243 0.0395262 176 133 -0.517487 -0.0892537 128 121
hook ylego 3 -0.633145 0.227448 231 97 -0.496594 0.2684 257 128
hook ylego 3 -0.56377 -0.0209829 154 105 -0.485676 -0.117848 118 129
hook ylego 3 -0.570762 0.133124 201 101 -0.516375 0.00335927 162 122
hook ylego 3 -0.570533 0.142968 205 110 -0.445625 0.137199 197 144
hook ylego 4 -0.587988 -0.153074 107 105 -0.712357 -0.16929 110 81
hook ylego 4 -0.584857 0.0791958 187 106 -0.701111 0.0763857 181 83
hook ylego 4 -0.502769 -0.0904161 127 125 -0.626071 -0.0510268 146 96
hook ylego 4 -1.00715 -0.62433 0 34 -0.698675 -0.307828 61 83
hook ylego 4 -0.56708 -0.0562636 140 110 -0.68423 -0.0654131 138 85
hook ylego 4 -0.52951 -0.0357277 147 121 -0.628676 -0.0525145 145 96
hook ylego 4 -0.487798 0.175613 225 129 -0.620632 0.196155 223 100
hook ylego 4 -0.567701 -0.150718 108 109 -0.611861 -0.112059 125 99
hook ylego 4 -0.615859 -0.131429 114 98 -0.792893 -0.124034 130 64
hook ylego 4 -0.524446 -0.0190433 154 123 -0.668894 -0.0291169 150 88
hook ylego 2 -0.505301 -0.0380878 145 125 -0.557396 0.0731791 185 111
hook ylego 2 -0.525555 0.0765311 185 112 -0.568369 0.227425 236 110
hook ylego 2 -0.478219 -0.201204 82 129 -0.541328 -0.130175 113 117
hook ylego 2 -0.510677 -0.140319 144 40 -0.54644 -0.057242 140 115
hook ylego 2 -0.485781 -0.0520183 142 132 -0.548669 0.0654097 183 115
hook ylego 2 -0.589713 -0.176357 96 103 -0.627936 -0.0637525 137 97
hook ylego 2 -0.592108 -0.0687624 137 102 -0.650574 0.040833 172 93
hook ylego 2 -0.594379 0.117573 199 97 -0.6418 0.237987 233 92
hook ylego 2 -0.476801 -0.144444 201 22 -0.522086 -0.0517288 142 120
hook ylego 2 -0.511946 -0.0674563 140 122 -0.565204 0.0188751 168 110
hook ylego 1 -0.726757 0.10603 190 79 -0.653775 0.000758737 160 91
hook ylego 1 -0.649843 -0.186394 99 90 -0.606648 -0.325098 47 98
hook ylego 1 -0.582544 -0.00697953 158 106 -0.623683 -0.15045 110 96
hook ylego 1 -0.628454 -0.144848 112 95 -0.63148 -0.269233 69 93
hook ylego 1 -0.499336 0.176324 225 127 -0.695402 0.0121757 163 84
hook ylego 1 -0.683719 0.0017954 160 86 -0.62737 -0.0579092 141 96
hook ylego 1 -0.57386 -0.00139032 160 108 -0.584152 -0.0942354 128 105
hook ylego 1 -0.630916 -0.0943123 129 95 -0.580151 -0.20305 89 105
hook ylego 1 -0.740228 0.0427119 171 77 -0.720635 0.00956035 162 79
hook ylego 1 -0.590523 0.164433 142 9 -0.700978 -0.0173753 155 82
rake ylego 3 -0.639291 -0.156727 109 92 -0.538403 -0.121582 117 115
rake ylego 3 -0.644314 -0.0724545 137 92 -0.542931 -0.0313826 150 115
rake ylego 3 -0.655693 0.118441 197 92 -0.508141 0.149 215 125
rake ylego 3 -0.612184 0.257302 242 102 -0.452045 0.240267 253 141
rake ylego 3 -0.61306 -0.108407 124 98 -0.466449 -0.0636555 137 135
rake ylego 3 -0.670598 0.0156323 165 88 -0.574576 0.0460282 176 108
rake ylego 3 -0.69414 -0.203741 96 81 -0.535546 -0.0915773 128 116
rake ylego 3 -0.445706 -0.108873 118 141 -0.494682 0.22932 244 129
rake ylego 3 -0.691877 0.0952784 188 85 -0.560504 0.126628 204 112
rake ylego 3 -0.650903 -0.0499873 144 91 -0.535559 -0.0121105 157 117
rake ylego 4 -0.564876 0.0243403 169 113 -0.632502 -0.0670246 138 94
rake ylego 4 -0.560759 -0.118644 117 109 -0.690266 -0.161469 107 85
rake ylego 4 -0.615032 -0.0028643 155 103 -0.725447 -0.0347178 147 78
rake ylego 4 -0.53223 0.157346 219 116 -0.674736 0.105697 189 86
rake ylego 4 -0.526712 -0.16152 127 120 -0.610987 -0.183249 99 97
rake ylego 4 -0.607612 -0.181421 97 100 -0.717726 -0.207136 93 78
rake ylego 4 -0.532366 0.140435 208 115 -0.633781 0.0943465 188 94
rake ylego 4 -0.662811 0.104412 190 90 -0.791551 0.113548 192 70
rake ylego 4 -0.532775 -0.194257 85 120 -0.625573 -0.234706 82 93
rake ylego 4 -0.577737 0.0562299 289 27 -0.751467 0.0136991 162 74
rake ylego 2 -0.548118 -0.0845153 131 113 -0.585167 -0.018069 154 105
rake ylego 2 -0.603152 -0.0248337 152 101 -0.604377 -0.000856664 160 101
rake ylego 2 -0.595525 0.00788103 163 103 -0.719699 -0.00589541 158 79
rake ylego 2 -0.687629 0.0272113 168 85 -0.640318 0.155847 209 96
rake ylego 2 -0.622453 0.161571 212 99 -0.629251 0.230908 233 99
rake ylego 2 -0.606 0.00434544 162 101 -0.748893 0.00744001 162 75
rake ylego 2 -0.741277 0.0152025 164 76 -0.684435 0.0633722 179 86
rake ylego 2 -0.711836 0.0487078 174 81 -0.659998 0.10566 193 91
rake ylego 2 -0.661843 -0.0387698 148 89 -0.692493 -0.0686146 139 83
rake ylego 2 -0.685538 -0.0291749 151 85 -0.728283 0.00317082 161 78
rake ylego 1 -0.623524 -0.00156294 160 97 -0.604364 -0.0971298 128 100
rake ylego 1 -0.639232 -0.0742789 136 93 -0.603065 -0.123214 119 100
rake ylego 1 -0.612112 -0.123925 119 98 -0.594398 -0.198671 92 101
rake ylego 1 -0.556939 -0.0700789 136 111 -0.509372 -0.187073 90 122
rake ylego 1 -0.544304 0.0343043 173 115 -0.52328 -0.108479 121 119
rake ylego 1 -0.52724 -0.111769 120 118 -0.49115 -0.223285 74 127
rake ylego 1 -0.538657 0.0768142 188 117 -0.5568 -0.197153 90 110
rake ylego 1 -0.569942 0.106649 197 110 -0.556482 -0.0792836 133 111
rake ylego 1 -0.660878 0.120807 197 90 -0.615162 -0.116169 123 98
rake ylego 1 -0.608721 -0.115 120 101 -0.603659 -0.233733 81 97
stick ylego 3 -0.638871 -0.199443 94 94 -0.632574 -0.189373 97 93
stick ylego 3 -0.497584 -0.0368198 148 127 -0.516466 -0.0415966 147 123
stick ylego 3 -0.598509 -0.170442 100 95 -0.603899 -0.158437 106 102
stick ylego 3 -0.529845 0.0974004 192 119 -0.524119 0.108897 200 123
stick ylego 3 -0.534702 0.183498 227 111 -0.566671 0.189324 224 108
stick ylego 3 -0.481841 -0.163455 104 121 -0.466121 -0.152354 99 134
stick ylego 3 -0.569502 0.0418681 171 114 -0.563242 0.0436757 174 110
stick ylego 3 -0.559221 -0.168079 100 108 -0.561111 -0.163849 103 109
stick ylego 3 -0.59302 0.150169 203 103 -0.607419 0.143783 207 102
stick ylego 3 -0.52311 -0.118551 146 116 -0.532272 -0.117919 117 118
stick ylego 4 -0.464634 -0.336158 23 138 -0.529119 -0.345864 27 115
stick ylego 4 -0.543439 -0.353684 26 116 -0.652492 -0.393953 27 92
stick ylego 4 -0.946356 -0.59856 0 37 -0.596837 -0.173076 102 102
stick ylego 4 -0.593282 -0.168842 102 105 -0.624748 -0.162016 105 95
stick ylego 4 -0.508031 -0.022393 153 124 -0.543107 -0.0324651 151 115
stick ylego 4 -0.552689 -0.0488827 142 113 -0.729697 -0.0472058 144 78
stick ylego 4 -0.557224 0.152614 213 113 -0.577456 0.115401 201 111
stick ylego 4 -0.581868 0.117895 200 107 -0.704771 0.151888 206 85
stick ylego 4 -0.552466 -0.151472 106 111 -0.689846 -0.186062 101 85
stick ylego 4 -0.496741 -0.183216 93 129 -0.644574 -0.202159 94 94
stick ylego 2 -0.50571 -0.320475 35 121 -0.537138 -0.277989 57 119
stick ylego 2 -0.53817 -0.276068 58 117 -0.577963 -0.169141 102 106
stick ylego 2 -0.591025 -0.167813 102 103 -0.654665 -0.0701745 140 90
stick ylego 2 -0.573473 0.00897307 163 108 -0.566096 0.154753 212 110
stick ylego 2 -0.360479 0.14623 226 171 -0.480999 0.220601 243 135
stick ylego 2 -0.530851 -0.275683 57 120 -0.510423 -0.166912 98 122
stick ylego 2 -0.506063 -0.203718 82 124 -0.548414 -0.105976 123 113
stick ylego 2 -0.588276 -0.134834 113 104 -0.572422 -0.00922508 157 108
stick ylego 2 -0.495441 -0.138216 109 129 -0.542413 -0.0280242 151 115
stick ylego 2 -0.52058 -0.00876194 165 129 -0.531698 0.124043 205 118
stick ylego 1 -0.572985 -0.00662262 158 108 -0.558667 -0.176786 97 110
stick ylego 1 -0.536923 -0.151135 105 116 -0.539372 -0.264441 61 119
stick ylego 1 -0.52811 0.137321 209 121 -0.556768 -0.125381 117 110
stick ylego 1 -0.592239 -0.0102347 156 104 -0.566067 -0.127849 117 109
stick ylego 1 -0.54907 -0.150011 106 113 -0.577693 -0.27823 63 100
stick ylego 1 -0.565213 -0.106362 123 109 -0.574458 -0.229409 78 110
stick ylego 1 -0.629655 -0.0506186 143 97 -0.53773 -0.145307 106 115
stick ylego 1 -0.494929 0.13136 205 126 -0.527249 -0.0979738 125 119
stick ylego 1 -0.523479 -0.0869187 133 117 -0.5209 -0.24145 70 119
stick ylego 1 -0.452992 -0.031069 147 138 -0.491497 -0.110255 120 130
