8 0.770997 0.226286 0.293183 0.208899 0.704147 0.450975 -0.019543 0.024588 0.172989 -0.001942 -0.001238 0.001102 
8 0.480332 0.795138 0.178327 0.281498 0.327919 0.16582 0.087902 0.375501 -0.054981 -0.031268 0.010824 0.091549 
8 0.892502 0.43946 0.290907 0.147609 0.64307 0.513415 0.013892 0.015937 0.070732 0.021825 -0.001848 -0.000831 
8 0.397877 0.665044 0.160602 0.305987 0.365149 0.143929 -0.033926 0.329013 0.040559 -0.005994 -0.035415 0.077292 
8 0.42391 0.799937 0.182619 0.356076 0.369093 0.172254 -0.005465 0.252228 0.039644 -0.028214 -9.6e-05 0.059152 
8 0.536014 0.826404 0.202244 0.291112 0.339567 0.15252 0.070756 0.367559 -0.040191 -0.038713 -0.03152 0.090308 
8 0.737299 0.287901 0.21128 0.146619 0.426683 0.619782 -0.093231 0.037374 0.016677 0.011374 0.008535 -0.002799 
8 0.433334 0.796732 0.158748 0.274605 0.327053 0.165993 0.086505 0.371447 -0.056361 -0.02859 0.01361 0.093723 
8 0.557835 0.738207 0.221026 0.287486 0.366956 0.122851 0.067782 0.380297 -0.032076 -0.03246 -0.030804 0.099917 
8 0.465997 0.848033 0.168946 0.285569 0.309271 0.210018 -0.016244 0.303537 0.059873 -0.05297 0.002185 0.046359 
8 0.792891 0.20012 0.245894 0.152155 0.542105 0.613773 -0.047981 0.021003 0.075807 0.00785 0.003269 -0.000413 
8 0.432423 0.964654 0.183264 0.364095 0.359328 0.164575 0.038631 0.30901 -0.024817 -0.029999 -0.030282 0.040275 
8 0.717252 0.21679 0.269641 0.204959 0.663064 0.456978 -0.018426 0.024267 0.173114 -0.001563 -0.000976 0.001012 
10 0.819136 0.175888 0.216368 0.127223 0.558254 0.755645 -0.052847 0.017947 0.205197 -0.003192 0.002602 1.8e-05 
10 0.709531 0.677633 0.209538 0.159348 0.315178 0.124608 0.164684 0.586159 -0.048277 -0.077722 -0.086894 0.08336 
10 0.772077 0.583363 0.216084 0.144548 0.327647 0.109389 0.170731 0.659324 -0.03738 -0.070268 -0.093623 0.091665 
10 0.610376 0.80931 0.176203 0.1626 0.29484 0.138008 0.159974 0.560186 -0.058564 -0.085686 -0.086408 0.093406 
10 0.806056 0.175829 0.218791 0.128756 0.57563 0.72102 -0.045046 0.017262 0.18529 0.001986 0.00184 6.9e-05 
10 0.78232 0.173345 0.220543 0.136914 0.572406 0.695545 -0.052947 0.02034 0.183965 0.000655 0.002832 2.7e-05 
10 0.736261 0.649309 0.21053 0.151861 0.317331 0.124729 0.180641 0.614196 -0.047698 -0.079844 -0.096791 0.063642 
10 0.689264 0.793948 0.203237 0.170527 0.289489 0.151148 0.172031 0.535567 -0.062768 -0.08715 -0.081476 0.089763 
10 0.726715 0.191865 0.193926 0.131881 0.535398 0.718103 -0.053059 0.019107 0.198121 -0.003214 0.002862 1.9e-05 
10 0.718274 0.224621 0.211696 0.14455 0.524457 0.658359 -0.055088 0.023298 0.129907 0.008219 0.004053 -0.000345 
10 0.645286 0.682738 0.195709 0.16594 0.324731 0.136018 0.180045 0.541336 -0.051829 -0.078012 -0.083614 0.063683 
10 0.798838 0.557042 0.485587 0.365669 0.747059 0.225157 0.021787 0.034914 0.027248 0.010764 -0.002858 -0.002083 
10 0.891051 0.553733 0.516784 0.330628 0.688312 0.2132 0.024887 0.037565 0.026673 0.010465 -0.003061 -0.002322 
9 0.910324 0.223097 0.258796 0.133005 0.565934 0.409525 0.028944 0.02219 0.127829 0.025187 -0.000205 -0.000757 
9 0.847552 0.227345 0.232134 0.128251 0.515625 0.42955 0.030544 0.022671 0.149772 0.027989 -0.000261 -0.000965 
9 0.800586 0.071545 0.353875 0.267465 0.502859 0.038218 -0.025573 0.356218 -0.002814 0.013106 0.01042 -0.107287 
9 0.819286 0.180157 0.424856 0.328753 0.547009 0.047875 -0.026791 0.258379 -0.004764 0.012938 0.007418 -0.074193 
9 0.870068 0.284869 0.278775 0.153178 0.526339 0.347529 0.028643 0.02708 0.096184 0.022761 -0.00133 -0.00158 
9 0.83636 0.253022 0.236037 0.133544 0.499589 0.391599 0.030236 0.024538 0.119971 0.024507 -0.001664 -0.001524 
9 0.861889 0.096614 0.389196 0.273605 0.533929 0.03975 0.022181 0.3461 0.002976 0.013751 -0.007968 -0.122448 
9 0.842352 0.153075 0.384571 0.278138 0.534815 0.038404 0.02662 0.331477 0.003234 0.012168 -0.008286 -0.106559 
9 0.890206 0.263899 0.428981 0.312431 0.528696 0.04383 -0.013785 0.297559 -0.001944 0.014838 0.004855 -0.08847 
9 0.890438 0.203641 0.244539 0.130003 0.586601 0.466214 0.037029 0.021678 0.19451 0.030233 -0.00026 -0.000767 
9 0.691079 0.30134 0.333383 0.312644 0.484667 0.054337 -0.031739 0.276279 -0.006612 0.016817 0.008463 -0.090595 
9 0.845558 0.13599 0.204526 0.111049 0.584722 0.66546 0.040429 0.016136 0.328134 0.035015 -0.000458 -0.000602 
9 0.916545 0.219934 0.244754 0.123508 0.546667 0.391199 0.024664 0.021445 0.085068 0.018402 -0.000706 -0.000645 
4 0.929789 0.633641 0.788001 0.600428 0.741684 0.055858 -0.012778 0.125032 0.001891 -0.003935 -0.002815 0.011432
4 0.920574 0.626905 0.772887 0.57748 0.712453 0.078809 -0.03723 0.10415 0.002122 0.003654 -0.007004 0.002665
4 0.903771 0.578499 0.739185 0.532347 0.687602 0.084265 0.044252 0.10465 -0.001555 0.00486 0.007792 0.003141
4 0.911596 0.824649 0.839187 0.711441 0.760018 0.068405 0.009501 0.096782 0.001726 0.001536 -0.002376 -0.003848
4 0.929988 0.864512 0.874887 0.783389 0.803701 0.070061 -0.000438 0.092073 -0.000431 0.001804 0.000601 -0.003021
4 0.928191 0.777394 0.856227 0.761989 0.790465 0.065932 -0.009717 0.100371 -0.00196 0.002087 0.002497 -0.0041
4 0.925241 0.608574 0.759987 0.530785 0.71 0.130267 -0.018804 0.054975 -0.010392 0.005462 0.002026 -0.00268
4 0.91906 0.650941 0.779314 0.58245 0.732212 0.112602 0.028602 0.067699 0.003963 0.007199 0.001987 -0.002969
4 0.922902 0.645121 0.780396 0.565266 0.714646 0.111521 0.032538 0.070426 0.00421 0.007129 0.002347 -0.002773
4 0.93132 0.715347 0.80208 0.617949 0.726028 0.064156 0.0199 0.111961 -0.003675 -0.001636 0.005643 0.00743
4 0.93119 0.81434 0.84579 0.710171 0.768929 0.102014 0.003424 0.064888 -0.005323 -0.002636 0.002309 0.001612
5 0.924572 0.891389 0.886681 0.836466 0.785205 0.078343 0.008888 0.082112 0.000467 0.000275 -0.000476 -0.000418
5 0.928164 0.813596 0.873915 0.729907 0.779184 0.084626 -0.016089 0.078207 0.000143 0.000462 -0.000393 -0.000233
5 0.933111 0.848521 0.89085 0.805484 0.783908 0.081702 -0.013588 0.080006 -5.2e-05 0.000182 -4.2e-05 -0.000155
5 0.947736 0.881086 0.911502 0.84341 0.803613 0.073816 0.008783 0.086989 -0.000279 -4.5e-05 0.00031 0.000126
5 0.955431 0.954956 0.920692 0.88268 0.825918 0.08466 0.001233 0.075044 0.000105 5.8e-05 -0.000107 -2.9e-05
5 0.93908 0.946141 0.911072 0.905122 0.798758 0.081218 -0.002635 0.078191 0.000294 0.000142 -0.000306 -0.000123
5 0.945525 0.808836 0.89047 0.754789 0.804348 0.098001 -0.004789 0.065116 -0.000468 -4.6e-05 0.000294 8e-06
5 0.94676 0.90173 0.9059 0.853777 0.816742 0.082151 -0.00936 0.078445 0.000721 0.000251 -0.00068 -0.000107
5 0.93621 0.898473 0.8932 0.810023 0.808248 0.088897 -0.001015 0.071546 -0.000127 0.000107 -8e-06 -7.8e-05
5 0.942767 0.845474 0.878524 0.74691 0.789716 0.095246 0.000791 0.066935 -0.000812 -1.9e-05 0.000473 8e-06
5 0.935667 0.908646 0.905761 0.877343 0.807407 0.071968 -0.000323 0.08811 -0.0001 -4e-05 0.000123 3.8e-05
5 0.947717 0.852227 0.903231 0.80482 0.802326 0.087378 -0.009481 0.073802 0.000744 -0.000554 -0.000494 0.000584
6 0.940535 0.944684 0.905483 0.895675 0.803968 0.076399 0.003034 0.083214 0.000156 -0.000356 -0.000187 0.000387
6 0.965782 0.988922 0.925036 0.894174 0.810847 0.082763 0.001208 0.076806 -0.000234 0.000391 0.000238 -0.00035
6 0.94541 0.926121 0.906982 0.86373 0.819712 0.07577 -0.005938 0.084353 0.000131 -0.000309 -0.000113 0.000362
6 0.952606 0.807413 0.905079 0.766584 0.805703 0.090301 -0.014051 0.072474 0.0002 -4.8e-05 -0.000156 8.2e-05
6 0.940613 0.909911 0.89961 0.870709 0.788961 0.085225 -0.003454 0.074796 -0.000525 0.000422 0.000412 -0.000376
6 0.944568 0.995292 0.907008 0.91628 0.818713 0.0821 0.000172 0.077408 -5.5e-05 0.000289 6.5e-05 -0.000278
6 0.933638 0.938488 0.891181 0.897404 0.785326 0.082341 0.004157 0.077403 -2.4e-05 3.4e-05 1.7e-05 -3.2e-05
6 0.933494 0.956257 0.899132 0.905566 0.787645 0.077218 0.003335 0.082357 6.9e-05 0.000219 -6.3e-05 -0.000221
6 0.959712 0.965939 0.919209 0.87284 0.817857 0.077602 -0.002848 0.082037 0.0002 0.000322 -0.000268 -0.000324
6 0.95098 0.989961 0.909949 0.911222 0.807895 0.08202 0.000167 0.077592 -0.000271 0.000753 0.00027 -0.000641
6 0.962122 0.793286 0.905595 0.783826 0.820833 0.096965 -0.002312 0.06565 2.5e-05 0.000466 -8e-06 -0.000283
6 0.934994 0.97741 0.895129 0.894179 0.794737 0.079318 -0.000678 0.080254 -6.5e-05 0.000709 7.9e-05 -0.000727
7 0.952057 0.607279 0.687806 0.489884 0.758242 0.134877 0.019872 0.056669 3.9e-05 0.005494 0.002245 0.000594
7 0.918612 0.868029 0.767157 0.659657 0.814286 0.075288 -0.003471 0.091732 -0.00141 -0.005184 0.002488 0.004165
7 0.949331 0.881751 0.720034 0.567117 0.969618 0.047341 -0.001021 0.145185 1.3e-05 -0.000494 -0.000428 0.000871
7 0.983146 0.243533 0.765392 0.616568 0.947368 0.058175 0.000253 0.119484 1.7e-05 0.001716 0.000567 -0.002425
7 0.909891 0.767056 0.785 0.646579 0.822515 0.072502 -0.019068 0.097088 0.002185 -0.00081 -0.003612 0.002327
7 0.884945 0.94167 0.765228 0.711379 0.80093 0.087987 0.004383 0.075876 0.001324 -0.001895 -0.002065 0.001748
7 0.893589 0.825993 0.762858 0.625653 0.872035 0.078904 -0.013821 0.087659 0.001796 0.001231 -0.0015 -0.000281
7 0.94154 0.851098 0.817775 0.669055 0.84619 0.073284 0.000551 0.091454 0.002083 -0.001013 -0.002192 0.002684
7 0.899449 0.900584 0.736057 0.665824 0.750165 0.090682 0.001291 0.07708 -0.006194 0.002714 0.003091 -0.00062
7 0.92087 0.807066 0.782759 0.660487 0.838542 0.068336 -0.006789 0.099328 0.001379 -0.002577 -0.00316 0.003677
7 0.955045 0.812428 0.739434 0.604842 0.878786 0.056449 0.002491 0.12337 -0.000172 -0.001272 -0.000452 0.001865
7 0.906273 0.92552 0.754127 0.637482 0.830682 0.088613 0.005095 0.078057 0.002397 0.001929 -0.003698 -0.001657
7 0.903822 0.873715 0.676161 0.601643 0.768839 0.114923 -0.000356 0.062832 -0.001729 0.004819 0.001867 -0.000349