hook lemon 1 -1.06195 -0.622297 8 27 -0.563955 -0.244395 72 108
hook lemon 1 -0.681765 0.0288487 168 86 -0.581296 -0.141022 111 105
hook lemon 1 -0.581202 -0.143778 110 105 -0.547874 -0.235374 74 112
hook lemon 1 -0.613895 0.000687594 160 99 -0.701516 -0.120557 122 81
hook lemon 1 -0.675265 0.117481 195 88 -0.576403 -0.0216849 153 107
hook lemon 1 -0.5765 -0.018782 154 107 -0.512596 -0.145617 106 122
hook lemon 1 -0.523847 -0.152392 104 119 -0.489121 -0.234954 69 128
hook lemon 1 -0.722245 -0.0608586 141 78 -0.755693 -0.196737 101 71
hook lemon 1 -0.501419 0.087603 155 37 -0.557447 -0.429859 0 112
hook lemon 1 -0.515981 -0.111612 118 120 -0.447074 -0.282953 44 144
