stick ocup 3 -0.598606 -0.164105 104 101 -0.268988 -0.112889 105 212
stick ocup 3 -0.512272 -0.0497348 141 123 -0.475085 -0.00636619 161 133
stick ocup 3 -0.468386 0.039506 177 135 -0.362049 0.0852562 200 172
stick ocup 3 -0.483011 -0.0166695 156 131 -0.454944 0.0715944 190 140
stick ocup 3 -0.557742 -0.221454 80 110 -0.53378 -0.219281 79 118
stick ocup 3 -0.439825 -0.108751 117 143 -0.454791 -0.0783792 131 137
stick ocup 3 -0.589024 -0.0323374 149 106 -0.584068 -0.0329039 149 106
stick ocup 3 -0.494012 -0.123898 112 127 -0.473995 -0.126892 113 129
stick ocup 3 -0.585207 0.140997 207 106 -0.622575 0.153347 211 103
stick ocup 3 -0.474095 0.103364 200 134 -0.54591 -0.33066 37 118
