hook ylego 1 -0.726757 0.10603 190 79 -0.653775 0.000758737 160 91
hook ylego 1 -0.649843 -0.186394 99 90 -0.606648 -0.325098 47 98
hook ylego 1 -0.582544 -0.00697953 158 106 -0.623683 -0.15045 110 96
hook ylego 1 -0.628454 -0.144848 112 95 -0.63148 -0.269233 69 93
hook ylego 1 -0.499336 0.176324 225 127 -0.695402 0.0121757 163 84
hook ylego 1 -0.683719 0.0017954 160 86 -0.62737 -0.0579092 141 96
hook ylego 1 -0.57386 -0.00139032 160 108 -0.584152 -0.0942354 128 105
hook ylego 1 -0.630916 -0.0943123 129 95 -0.580151 -0.20305 89 105
hook ylego 1 -0.740228 0.0427119 171 77 -0.720635 0.00956035 162 79
hook ylego 1 -0.590523 0.164433 142 9 -0.700978 -0.0173753 155 82
