hook wball 2 -0.563263 -0.130693 114 109 -0.565928 -0.0780986 133 109
hook wball 2 -0.561671 -0.0748413 134 110 -0.695426 0.0393982 170 84
hook wball 2 -0.539944 -0.0792498 131 115 -0.617798 -0.0390529 147 98
hook wball 2 -0.542365 -0.131703 113 114 -0.624731 -0.0613379 140 96
hook wball 2 -0.619354 -0.0701112 137 97 -0.691343 0.0751258 182 85
hook wball 2 -0.675691 -0.0656055 139 86 -0.764447 0.0732884 178 72
hook wball 2 -0.651301 0.0699816 181 92 -0.619557 0.178373 217 100
hook wball 2 -0.639671 0.179261 216 96 -0.699293 0.34577 259 87
hook wball 2 -0.603758 0.0729901 184 102 -0.663775 0.20474 222 92
hook wball 2 -0.312785 0.350073 319 190 -0.637429 0.232743 232 97
