hook ycup 4 -0.531641 0.1382 209 119 -0.6569 0.0808779 167 146
hook ycup 4 -1.03746 0.223922 205 41 -0.725565 -0.0614038 168 145
hook ycup 4 -0.595958 -0.133976 114 104 -0.605052 -0.310139 172 146
hook ycup 4 -0.659254 -0.32453 51 84 -0.48436 -0.0715425 179 179
hook ycup 4 -0.552304 -0.0687267 135 114 -0.604037 -0.216271 169 157
hook ycup 4 -0.661193 -0.230752 84 91 -0.750776 -0.176431 174 140
hook ycup 4 -0.594281 0.180328 219 102 -0.691971 0.253192 225 2
hook ycup 4 -0.513598 -0.157796 101 122 -0.594075 -0.299732 170 146
hook ycup 4 -0.597647 -0.260935 69 103 -0.681057 -0.257401 173 145
hook ycup 4 -0.550759 -0.0481378 142 111 -0.641962 0.0245469 166 93
