stick sycup 2 -0.634966 -0.215791 87 93 -0.70946 -0.129131 118 80
stick sycup 2 -0.582209 -0.0762987 133 106 -0.472778 0.123258 209 134
stick sycup 2 -0.478335 0.129209 209 131 -0.304799 0.222465 269 193
stick sycup 2 -0.443936 -0.228867 67 143 -0.597336 -0.239177 77 104
stick sycup 2 -0.516371 -0.113568 119 129 -0.542872 -0.0183569 154 115
stick sycup 2 -0.560485 -0.0215158 151 111 -0.600647 0.128111 200 101
stick sycup 2 -0.512005 -0.0670078 135 123 -0.577591 -0.0292225 150 107
stick sycup 2 -0.589598 -0.0396192 146 104 -0.486836 0.140914 213 131
stick sycup 2 -0.664582 -0.0204644 153 89 -0.59677 0.156449 212 104
stick sycup 2 -0.541864 -0.257176 68 105 -0.529822 -0.0386947 147 118
