hook lemon 4 -0.551687 -0.121868 117 112 -0.661173 -0.220653 88 88
hook lemon 4 -0.573813 0.0526276 179 109 -0.731932 -0.0308282 150 77
hook lemon 4 -0.548439 0.00639169 163 114 -0.533568 -0.0129039 156 117
hook lemon 4 -0.529646 -0.0102122 157 118 -0.620714 0.0711095 183 99
hook lemon 4 -0.62059 0.067927 182 99 -0.746485 0.176917 209 77
hook lemon 4 -0.562159 0.00407353 162 111 -0.608481 -0.093352 129 100
hook lemon 4 -0.637197 0.268784 243 97 -0.807289 0.23264 221 68
hook lemon 4 -0.558633 0.259103 248 113 -0.751928 0.231421 223 76
hook lemon 4 -0.571362 0.249655 243 110 -0.575515 0.333026 269 110
hook lemon 4 -0.575212 0.323253 266 110 -0.601615 0.443658 299 105
hook lemon 4 -0.559202 -0.0189855 154 111 -0.724571 -0.0896939 132 77
