stick bball 3 -0.603961 0.0144049 164 102 -0.514316 0.0761126 189 122
stick bball 3 -0.573107 -0.0783488 133 109 -0.560107 -0.0553175 142 111
stick bball 3 -0.540347 -0.181018 94 116 -0.552395 -0.170523 102 107
stick bball 3 -0.507383 0.104936 199 124 -0.509842 0.118475 204 124
stick bball 3 -0.503498 -0.029565 150 125 -0.511049 -0.0313253 151 123
stick bball 3 -0.581637 -0.0822534 131 105 -0.576765 -0.0696858 136 107
stick bball 3 -0.584526 -0.201521 89 105 -0.597387 -0.124265 120 103
stick bball 3 -0.469291 -0.0576598 137 134 -0.473213 -0.0398935 146 133
stick bball 3 -0.573428 0.13795 207 110 -0.580714 0.125991 202 108
stick bball 3 -0.482846 -0.267792 55 133 -0.486886 -0.251711 62 130
