rake ycup 1 -0.608481 0.0784477 186 101 -0.742534 -0.174422 108 73
rake ycup 1 -0.630905 0.200572 223 98 -0.7615 -0.0198166 154 72
rake ycup 1 -0.549758 0.2205 236 116 -0.680189 -0.16537 108 84
rake ycup 1 -0.59986 0.000849258 161 102 -0.375058 -0.249661 48 165
rake ycup 1 -0.547495 0.00887074 164 114 -0.599745 -0.187407 96 100
rake ycup 1 -0.610155 -0.0993871 127 99 -0.750959 -0.370996 47 69
rake ycup 1 -0.570481 0.0507315 178 109 -0.632296 -0.0656494 139 95
rake ycup 1 -0.553628 0.130956 206 114 -0.723026 -0.226305 91 76
rake ycup 1 -0.592755 0.147498 209 105 -0.523465 -0.128982 114 119
rake ycup 1 -0.516777 0.142967 213 123 -0.628175 -0.143564 113 95
rake ycup 1 -0.845708 -0.558477 0 52 -0.418438 -0.218748 68 150
