rake wball 3 -0.776577 0.194488 210 71 -0.616623 0.171216 213 100
rake wball 3 -0.68222 -0.0227522 152 86 -0.48326 -0.0574323 139 131
rake wball 3 -0.675015 -0.128708 119 87 -0.495754 -0.132629 111 127
rake wball 3 -0.610065 -0.241747 78 100 -0.557853 -0.169505 164 125
rake wball 3 -0.552169 -0.168976 100 112 -0.426519 -0.108428 117 149
rake wball 3 -0.604493 -0.0304937 151 101 -0.488805 -0.0512846 143 129
rake wball 3 -0.670072 0.0460211 172 88 -0.567788 0.0700853 184 110
rake wball 3 -0.701401 0.0447648 169 83 -0.572724 0.0666647 184 111
rake wball 3 -0.69691 -0.0626882 139 83 -0.550096 -0.0629434 139 113
rake wball 3 -0.609379 -0.22719 81 100 -0.477439 -0.149152 103 132
