stick ylego 2 -0.50571 -0.320475 35 121 -0.537138 -0.277989 57 119
stick ylego 2 -0.53817 -0.276068 58 117 -0.577963 -0.169141 102 106
stick ylego 2 -0.591025 -0.167813 102 103 -0.654665 -0.0701745 140 90
stick ylego 2 -0.573473 0.00897307 163 108 -0.566096 0.154753 212 110
stick ylego 2 -0.360479 0.14623 226 171 -0.480999 0.220601 243 135
stick ylego 2 -0.530851 -0.275683 57 120 -0.510423 -0.166912 98 122
stick ylego 2 -0.506063 -0.203718 82 124 -0.548414 -0.105976 123 113
stick ylego 2 -0.588276 -0.134834 113 104 -0.572422 -0.00922508 157 108
stick ylego 2 -0.495441 -0.138216 109 129 -0.542413 -0.0280242 151 115
stick ylego 2 -0.52058 -0.00876194 165 129 -0.531698 0.124043 205 118
