stick ylego 1 -0.572985 -0.00662262 158 108 -0.558667 -0.176786 97 110
stick ylego 1 -0.536923 -0.151135 105 116 -0.539372 -0.264441 61 119
stick ylego 1 -0.52811 0.137321 209 121 -0.556768 -0.125381 117 110
stick ylego 1 -0.592239 -0.0102347 156 104 -0.566067 -0.127849 117 109
stick ylego 1 -0.54907 -0.150011 106 113 -0.577693 -0.27823 63 100
stick ylego 1 -0.565213 -0.106362 123 109 -0.574458 -0.229409 78 110
stick ylego 1 -0.629655 -0.0506186 143 97 -0.53773 -0.145307 106 115
stick ylego 1 -0.494929 0.13136 205 126 -0.527249 -0.0979738 125 119
stick ylego 1 -0.523479 -0.0869187 133 117 -0.5209 -0.24145 70 119
stick ylego 1 -0.452992 -0.031069 147 138 -0.491497 -0.110255 120 130
