hook yball 1 -0.682741 -0.0205461 154 86 -0.745873 -0.133654 119 75
hook yball 1 -0.660101 0.103531 192 91 -0.771 -0.157651 114 69
hook yball 1 -0.790139 -0.163349 113 66 -0.796224 -0.368308 51 61
hook yball 1 -0.515127 0.122133 205 123 -0.789327 -0.119057 126 67
hook yball 1 -0.591266 -0.0993554 127 103 -0.59614 -0.262244 70 100
hook yball 1 -0.748949 0.0317993 169 75 -0.747813 -0.108977 128 73
hook yball 1 -0.747255 -0.115613 126 73 -0.781088 -0.333115 62 65
hook yball 1 -0.495888 0.0795683 191 128 -0.56698 0.0410605 175 110
hook yball 1 -0.565699 0.0379667 174 110 -0.757228 0.00516174 161 73
hook yball 1 -0.573434 -0.0105583 156 106 -0.596783 -0.303221 54 101
