stick ylego 3 -0.638871 -0.199443 94 94 -0.632574 -0.189373 97 93
stick ylego 3 -0.497584 -0.0368198 148 127 -0.516466 -0.0415966 147 123
stick ylego 3 -0.598509 -0.170442 100 95 -0.603899 -0.158437 106 102
stick ylego 3 -0.529845 0.0974004 192 119 -0.524119 0.108897 200 123
stick ylego 3 -0.534702 0.183498 227 111 -0.566671 0.189324 224 108
stick ylego 3 -0.481841 -0.163455 104 121 -0.466121 -0.152354 99 134
stick ylego 3 -0.569502 0.0418681 171 114 -0.563242 0.0436757 174 110
stick ylego 3 -0.559221 -0.168079 100 108 -0.561111 -0.163849 103 109
stick ylego 3 -0.59302 0.150169 203 103 -0.607419 0.143783 207 102
stick ylego 3 -0.52311 -0.118551 146 116 -0.532272 -0.117919 117 118
