hook pear 4 -0.446359 -0.0115293 156 142 -0.56739 -0.170945 98 110
hook pear 4 -0.551468 -0.162883 102 112 -0.692991 -0.248489 79 85
hook pear 4 -0.556543 -0.0565438 141 112 -0.571031 -0.151599 106 109
hook pear 4 -0.538843 0.0381563 174 117 -0.692812 0.0118405 162 84
hook pear 4 -0.514778 -0.305897 43 124 -0.605663 -0.242605 79 101
hook pear 4 -0.536007 0.15799 216 118 -0.610761 0.211986 227 100
hook pear 4 -0.603473 0.17771 217 103 -0.747359 0.190313 215 79
hook pear 4 -0.543195 -0.0149584 154 115 -0.596067 -0.13326 115 101
hook pear 4 -0.596721 -0.133273 115 109 -0.615369 -0.178609 99 100
hook pear 4 -0.563739 0.176435 220 112 -0.791159 0.191142 208 69
