rake plego 4 -0.565305 0.00991149 164 110 -0.711319 -0.0221616 174 137
rake plego 4 -0.644167 -0.129156 118 92 -0.701296 -0.171382 169 134
rake plego 4 -0.560218 -0.339925 36 109 -0.59767 -0.386712 169 137
rake plego 4 -0.554164 -0.0800429 132 114 -0.611131 -0.0973605 170 138
rake plego 4 -0.574107 -0.120051 119 109 -0.698196 -0.216205 174 139
rake plego 4 -0.575606 -0.131694 114 107 -0.604014 -0.221548 163 148
rake plego 4 -0.499064 -0.184358 91 126 -0.702961 -0.0175763 169 138
rake plego 4 -0.262761 -0.0487844 142 216 -0.741742 0.174434 190 129
rake plego 4 -0.576688 -0.110537 121 108 -0.667023 -0.14797 167 141
rake plego 4 -0.599336 -0.351297 39 101 -0.201831 -0.0125781 225 241
