rake sycup 3 -0.630191 -0.192684 96 96 -0.49509 -0.139684 171 153
rake sycup 3 -0.609267 -0.280003 62 100 -0.508121 -0.226075 133 128
rake sycup 3 -0.631444 -0.119474 120 95 -0.493785 -0.0142566 171 152
rake sycup 3 -0.628691 -0.0577078 140 96 -0.51217 -0.0182935 165 145
rake sycup 3 -0.60001 0.102095 194 103 -0.526354 0.117518 168 138
rake sycup 3 -0.592096 0.147098 207 104 -0.48658 0.180947 221 136
rake sycup 3 -0.6475 0.0277324 166 92 -0.539483 0.0654198 170 143
rake sycup 3 -0.659486 -0.12472 120 89 -0.571429 -0.0851598 163 141
rake sycup 3 -0.610957 -0.0247574 152 101 -0.562418 0.06372 167 144
rake sycup 3 -0.620649 0.160604 209 98 -0.466715 0.164149 224 133
