hook sycup 2 -0.556738 -0.0675297 137 112 -0.477337 0.0444916 171 150
hook sycup 2 -0.490103 0.0214119 170 129 -0.435506 0.13598 172 149
hook sycup 2 -0.445368 0.155212 223 142 -0.423351 0.253885 168 145
hook sycup 2 -0.498229 -0.0820617 130 126 -0.508889 -0.0136501 162 144
hook sycup 2 -0.520279 -0.011479 156 121 -0.55683 0.0915742 168 144
hook sycup 2 -0.590554 0.0713281 183 106 -0.569496 0.19352 172 151
hook sycup 2 -0.629997 -0.0889351 130 96 -0.534692 -0.00975641 167 148
hook sycup 2 -0.388574 -0.163381 90 161 -0.497397 -0.10107 176 150
hook sycup 2 -0.534975 -0.119994 116 118 -0.656416 -0.0318782 144 83
hook sycup 2 -0.538987 -0.0822423 131 117 -0.563003 0.0409463 167 138
