rake yball 2 -0.534506 -0.135675 109 116 -0.568315 0.00612568 166 140
rake yball 2 -0.60462 -0.252659 72 101 -0.604392 -0.179671 103 103
rake yball 2 -1.01473 0.172044 195 41 -0.639962 -0.0259863 174 140
rake yball 2 -0.653157 -0.0429422 145 92 -0.716701 0.0792621 171 143
rake yball 2 -0.583455 -0.164718 102 105 -0.634905 -0.0326748 167 143
rake yball 2 -0.667473 -0.0444496 145 89 -0.659867 0.0945656 165 141
rake yball 2 -0.584452 -0.251168 71 105 -0.640932 -0.197588 169 140
rake yball 2 -0.635156 -0.189342 98 92 -0.65889 -0.0099729 170 145
rake yball 2 -0.676287 -0.00893704 156 94 -0.632138 0.0854168 168 143
rake yball 2 -0.625672 -0.0667552 137 97 -0.679972 0.0486656 170 144
