stick wball 4 -0.579881 -0.0756226 134 108 -0.625009 -0.111228 123 96
stick wball 4 -0.564262 -0.109156 122 109 -0.670548 -0.154329 114 83
stick wball 4 -0.542541 -0.0532512 142 115 -0.612829 -0.100412 125 99
stick wball 4 -0.573183 -0.0735756 134 108 -0.619735 -0.0573437 138 98
stick wball 4 -0.527224 -0.111276 120 120 -0.616716 -0.138876 114 97
stick wball 4 -0.559323 0.112711 196 108 -0.753008 -0.0735511 136 73
stick wball 4 -0.464169 -0.150219 102 135 -0.598289 -0.0547027 142 102
stick wball 4 -0.499328 0.0953381 197 120 -0.61517 0.107585 195 99
stick wball 4 -0.456495 -0.301541 260 27 -0.557701 -0.243494 72 109
stick wball 4 -0.47404 -0.257507 219 286 -0.593912 -0.203809 89 101
