hook orange 2 -0.343772 0.357816 317 173 -0.561084 0.0543769 179 111
hook orange 2 -0.536107 -0.228192 77 119 -0.592126 -0.166872 104 99
hook orange 2 -0.554147 -0.152348 106 112 -0.71865 -0.209425 97 76
hook orange 2 -0.610077 -0.227577 81 100 -0.651575 -0.190512 95 93
hook orange 2 -0.651131 -0.198927 95 93 -0.704147 -0.104303 129 80
hook orange 2 -0.557025 -0.0879229 128 112 -0.641336 -0.0552706 141 93
hook orange 2 -0.509213 -0.0775367 132 123 -0.59463 -0.0529464 143 102
hook orange 2 -0.541681 -0.118328 118 116 -0.515828 -0.0471609 143 122
hook orange 2 -0.519744 -0.0596383 139 121 -0.56982 0.0749059 186 111
hook orange 2 -0.57656 0.0703028 184 109 -0.552978 0.21788 234 114
