rake sycup 2 -0.630171 -0.186355 98 96 -0.716913 -0.125244 169 141
rake sycup 2 -0.51814 -0.147226 105 122 -0.503742 0.0130599 158 124
rake sycup 2 -0.583321 0.00272366 161 106 -0.655663 0.0540451 167 149
rake sycup 2 -0.566767 -0.0573787 140 109 -0.559117 0.0795891 164 146
rake sycup 2 -0.55734 0.0983104 194 113 -0.548547 0.233747 165 147
rake sycup 2 -0.546017 -0.259486 65 113 -0.647004 -0.250929 168 140
rake sycup 2 -0.590555 -0.175793 99 103 -0.553049 -0.0929436 170 145
rake sycup 2 -0.563335 -0.0621936 138 110 -0.569844 0.0711799 180 103
rake sycup 2 -0.64042 0.0553408 177 95 -0.644065 0.197724 173 140
rake sycup 2 -0.581488 -0.0348369 148 107 -0.633175 -0.00232189 168 147
