hook ocup 3 -0.608586 0.0192864 167 100 -0.445182 0.0635101 187 142
hook ocup 3 -0.530776 -0.0808904 132 120 -0.469892 -0.0445192 144 136
hook ocup 3 -0.508005 -0.0707304 134 124 -0.468019 0.004938 164 135
hook ocup 3 -0.465333 0.00658513 164 136 -0.316407 0.0342923 180 190
hook ocup 3 -0.555355 0.0372645 174 113 -0.512394 -0.070512 135 123
hook ocup 3 -0.56358 0.0452858 176 111 -0.432304 -0.00951807 160 146
hook ocup 3 -0.521235 0.0224093 168 121 -0.40647 0.162439 228 156
hook ocup 3 -0.594614 -0.186815 95 103 -0.445514 -0.101432 121 141
hook ocup 3 -0.506859 -0.0593644 138 125 -0.465642 0.0335996 175 136
hook ocup 3 -0.509356 0.120374 204 132 -0.416992 0.326854 291 154
hook ocup 3 -0.578584 0.207104 229 110 -0.460594 0.201054 237 136
