hook ylego 3 -0.610129 -0.302163 53 100 -0.999901 -0.630936 0 30
hook ylego 3 -0.98016 0.00434488 158 44 -0.4819 -0.340394 23 127
hook ylego 3 -0.414772 -0.0747547 131 152 -0.474454 -0.0725421 134 133
hook ylego 3 -0.570776 -0.0434903 145 109 -0.497825 -0.0238284 154 126
hook ylego 3 -0.498724 -0.0221633 152 127 -0.368298 -0.0399405 146 169
hook ylego 3 -0.474243 0.0395262 176 133 -0.517487 -0.0892537 128 121
hook ylego 3 -0.633145 0.227448 231 97 -0.496594 0.2684 257 128
hook ylego 3 -0.56377 -0.0209829 154 105 -0.485676 -0.117848 118 129
hook ylego 3 -0.570762 0.133124 201 101 -0.516375 0.00335927 162 122
hook ylego 3 -0.570533 0.142968 205 110 -0.445625 0.137199 197 144
