stick pear 3 -0.534272 -0.0818215 8 39 -0.541735 -0.0813877 131 116
stick pear 3 -0.530259 0.111599 198 106 -0.52143 0.105935 199 121
stick pear 3 -0.454217 -0.232038 65 130 -0.449045 -0.22031 71 142
stick pear 3 -0.524417 -0.10039 126 126 -0.521361 -0.0947741 126 121
stick pear 3 -0.51887 0.0842662 181 116 -0.528189 0.0720668 186 120
stick pear 3 -0.568237 0.0471841 175 103 -0.580984 0.0382027 174 108
stick pear 3 -0.489092 -0.0920728 128 130 -0.502203 -0.103002 122 126
stick pear 3 -0.592149 -0.210648 89 100 -0.59401 -0.192877 94 102
stick pear 3 -0.552578 0.00727772 156 106 -0.555819 0.00450655 163 112
stick pear 3 -0.531415 0.18623 219 111 -0.565502 0.202028 228 113
