stick sycup 3 -0.591306 -0.205779 89 105 -0.599684 -0.184959 98 103
stick sycup 3 -0.616897 -0.0427294 145 99 -0.643406 -0.00188842 160 93
stick sycup 3 -0.624218 -0.182361 98 97 -0.565628 -0.173631 100 106
stick sycup 3 -0.569359 0.163202 215 110 -0.554508 0.189307 226 114
stick sycup 3 -0.576366 -0.0217826 153 107 -0.527428 -0.0296177 150 119
stick sycup 3 -0.55992 -0.0699512 136 111 -0.59027 -0.0838758 132 105
stick sycup 3 -0.52188 -0.123386 115 119 -0.516434 -0.122876 116 121
stick sycup 3 -0.609287 -0.0183659 153 100 -0.621486 -0.0289775 151 98
stick sycup 3 -0.515997 -0.226865 74 121 -0.498888 -0.213352 79 128
stick sycup 3 -0.56411 0.000323148 161 110 -0.568911 0.0342319 175 110
