rake pear 1 -0.645854 -0.0448214 146 92 -0.480252 -0.12019 115 131
rake pear 1 -0.480182 -0.122696 114 131 -0.393692 -0.223047 63 158
rake pear 1 -0.549207 0.151688 213 115 -0.48915 -0.0282338 151 129
rake pear 1 -0.493209 -0.0150994 156 128 -0.468442 -0.130389 110 134
rake pear 1 -0.642206 0.159828 210 95 -0.575719 -0.0316902 150 107
rake pear 1 -0.575784 -0.0288227 151 107 -0.464654 -0.137166 107 135
rake pear 1 -0.647269 0.0666138 181 93 -0.764447 -0.140156 119 70
rake pear 1 -0.602312 0.138864 206 103 -0.494068 -0.0753739 133 127
rake pear 1 -0.552321 -0.0790261 133 112 -0.423239 -0.17291 89 148
rake pear 1 -0.517837 0.0753896 188 121 -0.877027 0.0998276 182 56
