hook pear 2 -0.507002 -0.281418 52 123 -0.54647 -0.175858 97 113
hook pear 2 -0.532393 -0.162927 101 120 -0.627008 -0.184532 98 95
hook pear 2 -0.531293 -0.0357857 147 118 -0.57694 0.0679165 186 108
hook pear 2 -0.589108 0.0703306 183 105 -0.500155 0.185373 228 127
hook pear 2 -0.527023 0.0247659 170 120 -0.606723 0.0841254 186 100
hook pear 2 -0.607338 0.0774663 187 101 -0.618312 0.156131 211 100
hook pear 2 -0.629867 0.193146 219 98 -0.620163 0.243619 238 100
hook pear 2 -0.491782 -0.00519797 159 129 -0.460933 0.102301 201 137
hook pear 2 -0.461476 0.102671 201 137 -0.534139 0.152406 214 122
hook pear 2 -0.448206 -0.0500667 142 141 -0.529639 0.0314386 172 119
hook pear 2 -0.529885 0.11224 200 122 -0.48092 0.240645 251 135
