hook yball 2 -0.72103 0.0414445 171 79 -0.807057 0.200659 211 67
hook yball 2 -0.553408 0.00679988 162 112 -0.692836 0.109124 192 85
hook yball 2 -0.612655 -0.0498648 144 99 -0.700162 0.0436708 173 83
hook yball 2 -0.683934 0.0525364 176 86 -0.809368 0.201802 213 68
hook yball 2 -0.660454 -0.246817 80 87 -0.730833 -0.145966 115 75
hook yball 2 -0.693011 0.0302064 169 85 -0.744576 0.155876 202 76
hook yball 2 -0.543106 0.0252111 170 116 -0.658177 0.158714 209 92
hook yball 2 -0.518322 0.0934939 195 122 -0.636742 0.142098 205 96
hook yball 2 -0.474795 -0.17022 100 136 -0.511752 -0.0725308 134 124
hook yball 2 -0.508031 -0.0773765 134 123 -0.536903 0.0275254 170 117
