rake bball 4 -0.607223 -0.196731 93 99 -0.785044 -0.281978 79 65
rake bball 4 -0.630439 -0.0779206 134 96 -0.723105 -0.19745 97 79
rake bball 4 -0.596085 0.142249 207 104 -0.773127 0.143867 201 73
rake bball 4 -0.636885 -0.0669684 138 94 -0.761585 -0.208708 97 69
rake bball 4 -0.658282 0.184317 216 92 -0.807773 0.195184 212 68
rake bball 4 -0.636538 -0.0513851 143 94 -0.779584 -0.274352 77 70
rake bball 4 -0.609091 0.149066 207 101 -0.749862 0.201181 217 77
rake bball 4 -0.651937 -0.104892 126 91 -0.742472 -0.306726 70 67
rake bball 4 -0.607948 0.0358738 172 102 -0.72141 -0.177623 103 79
rake bball 4 -0.62886 0.191426 219 96 -0.763961 0.226486 219 74
