rake yball 3 -0.548138 -0.181145 94 115 -0.487499 -0.108619 169 149
rake yball 3 -0.584407 -0.204558 87 106 -0.470376 -0.156966 163 128
rake yball 3 -0.574968 -0.210276 87 105 -0.47564 -0.0905443 171 145
rake yball 3 -0.60676 -0.0716657 135 100 -0.556261 0.0822308 172 145
rake yball 3 -0.58022 -0.103258 125 106 -0.429694 -0.0548814 171 149
rake yball 3 -0.621998 -0.159484 107 103 -0.540829 -0.0842924 169 145
rake yball 3 -0.591629 -0.197606 92 104 -0.522532 -0.0816813 168 145
rake yball 3 -0.614748 -0.0693379 137 99 -0.493902 0.0590096 169 145
rake yball 3 -0.610524 -0.183383 98 99 -0.461346 -0.0831002 174 151
rake yball 3 -0.67646 0.00391151 161 87 -0.548933 0.0632803 240 116
