stick sycup 1 -0.564365 0.0464967 175 110 -0.643906 -0.127595 117 93
stick sycup 1 -0.658185 -0.146433 113 92 -0.628613 -0.262206 73 93
stick sycup 1 -0.596619 0.145986 208 104 -0.628515 -0.0907961 129 96
stick sycup 1 -0.636491 -0.108643 123 94 -0.649607 -0.200109 94 93
stick sycup 1 -0.62738 0.0654698 181 97 -0.619406 -0.17493 101 96
stick sycup 1 -0.623074 0.0419084 173 98 -0.727515 -0.271447 75 74
stick sycup 1 -0.659132 0.106745 193 92 -0.617462 -0.094874 127 99
stick sycup 1 -0.607845 -0.0870571 131 101 -0.702209 -0.264331 77 83
stick sycup 1 -0.61118 0.014225 164 103 -0.632454 -0.214981 90 93
stick sycup 1 -0.522698 -0.0443647 146 122 -0.59526 -0.267809 64 102
