rake orange 1 -0.348344 0.0351298 178 176 -0.490356 -0.212625 77 127
rake orange 1 -0.603037 -0.0460038 144 101 -0.423903 -0.138086 103 148
rake orange 1 -0.582192 0.170326 216 108 -0.479272 -0.119052 114 131
rake orange 1 -0.670711 -0.00297735 158 88 -0.608152 -0.119703 119 99
rake orange 1 -0.539083 0.179154 222 118 -0.691408 0.205892 220 87
rake orange 1 -0.624782 0.166278 212 99 -0.814957 -0.101775 130 63
rake orange 1 -0.683637 0.18113 213 88 -0.464757 -0.0222685 152 136
rake orange 1 -0.593868 0.0404549 173 104 -0.670115 -0.232787 84 85
rake orange 1 -0.639777 0.0816536 185 95 -0.771026 -0.139831 118 69
rake orange 1 -0.578124 0.079366 187 108 -0.570704 -0.173246 102 107
