rake yball 1 -0.624684 -0.148186 111 96 -0.68292 -0.274003 167 139
rake yball 1 -0.632415 -0.034878 148 95 -0.666084 -0.167488 172 141
rake yball 1 -0.687263 -0.19662 98 83 -0.625351 -0.320138 170 142
rake yball 1 -0.63984 -0.0781499 134 94 -0.650779 -0.205026 167 140
rake yball 1 -0.579574 -0.0933923 128 106 -0.637341 -0.194407 167 143
rake yball 1 -0.629682 -0.184093 98 96 -0.653903 -0.347713 59 66
rake yball 1 -0.625135 -0.103221 126 96 -0.662382 -0.241067 169 139
rake yball 1 -0.623065 -0.0872256 131 98 -0.606637 -0.212247 172 145
rake yball 1 -0.529767 0.00572047 164 119 -0.589361 -0.109297 170 143
rake yball 1 -0.61028 -0.126472 117 101 -0.608326 -0.26626 171 142
