rake ocup 1 -0.636372 -0.107539 124 93 -0.558465 -0.311863 45 108
rake ocup 1 -0.555819 -0.016551 154 112 -0.564762 -0.183901 94 108
rake ocup 1 -0.600122 0.158281 211 104 -0.645166 0.0058268 161 93
rake ocup 1 -0.555769 0.072769 185 113 -0.73511 -0.252767 82 73
rake ocup 1 -0.590978 -0.0134106 155 104 -0.664087 -0.171348 104 87
rake ocup 1 -0.581056 -0.0077267 157 106 -0.563894 -0.109672 121 109
rake ocup 1 -0.563615 -0.115194 119 109 -0.516224 -0.190548 88 120
rake ocup 1 -0.527685 0.203147 231 121 -0.569682 0.0921463 191 110
rake ocup 1 -0.558664 0.14137 208 113 -0.561519 0.0150544 165 111
rake ocup 1 -0.561696 0.0179801 166 111 -0.538629 -0.120652 116 115
rake ocup 1 -0.542934 -0.0250164 151 115 -0.365425 -0.146137 95 169
