rake ylego 2 -0.548118 -0.0845153 131 113 -0.585167 -0.018069 154 105
rake ylego 2 -0.603152 -0.0248337 152 101 -0.604377 -0.000856664 160 101
rake ylego 2 -0.595525 0.00788103 163 103 -0.719699 -0.00589541 158 79
rake ylego 2 -0.687629 0.0272113 168 85 -0.640318 0.155847 209 96
rake ylego 2 -0.622453 0.161571 212 99 -0.629251 0.230908 233 99
rake ylego 2 -0.606 0.00434544 162 101 -0.748893 0.00744001 162 75
rake ylego 2 -0.741277 0.0152025 164 76 -0.684435 0.0633722 179 86
rake ylego 2 -0.711836 0.0487078 174 81 -0.659998 0.10566 193 91
rake ylego 2 -0.661843 -0.0387698 148 89 -0.692493 -0.0686146 139 83
rake ylego 2 -0.685538 -0.0291749 151 85 -0.728283 0.00317082 161 78
