hook orange 1 -0.556293 0.213206 231 113 -0.510851 -0.101381 124 124
hook orange 1 -0.503989 -0.0998914 123 126 -0.402018 -0.177716 85 155
hook orange 1 -0.673613 -0.0698896 137 88 -0.706095 -0.191535 101 82
hook orange 1 -0.469817 -0.0829721 129 136 -0.410792 -0.234743 61 157
hook orange 1 -0.466588 0.19466 235 135 -0.548114 -0.00302184 160 115
hook orange 1 -0.546673 0.00229696 161 115 -0.444457 -0.108305 117 143
hook orange 1 -0.441557 -0.114115 115 144 -0.360945 -0.175232 175 169
hook orange 1 -0.52061 -0.0406973 145 121 -0.649362 -0.174649 104 90
hook orange 1 -0.675219 0.148798 205 89 -0.744125 0.0395947 173 76
hook orange 1 -0.603117 -0.184388 96 99 -0.610317 -0.279232 63 102
