rake bball 2 -0.538076 -0.13962 110 117 -0.60785 -0.161686 104 100
rake bball 2 -0.566405 -0.11838 119 108 -0.701774 -0.159835 106 82
rake bball 2 -0.595479 0.0831142 187 103 -0.621738 0.164646 213 99
rake bball 2 -0.641628 0.087396 187 96 -0.617404 0.157439 211 101
rake bball 2 -0.602156 0.16192 212 101 -0.632541 0.259694 238 98
rake bball 2 -0.596333 -0.237116 77 103 -0.594701 -0.132097 116 102
rake bball 2 -0.594203 -0.141358 111 104 -0.604694 -0.119243 119 101
rake bball 2 -0.594436 -0.111461 122 102 -0.5923 -0.0502465 145 104
rake bball 2 -0.608551 -0.00518966 157 101 -0.670206 0.145683 206 90
rake bball 2 -0.651401 -0.0212889 153 92 -0.686915 0.11619 194 86
