stick pear 2 -0.583151 -0.148298 109 105 -0.627899 -0.0113566 157 96
stick pear 2 -0.61399 0.000533606 160 99 -0.568037 0.130808 204 109
stick pear 2 -0.565229 0.124714 202 108 -0.700687 0.161084 208 84
stick pear 2 -0.488871 -0.245515 65 130 -0.50143 -0.154149 104 121
stick pear 2 -0.508535 -0.165639 98 123 -0.502143 -0.057483 141 124
stick pear 2 -0.513147 -0.0490889 144 123 -0.532938 -0.109476 120 117
stick pear 2 -0.545962 0.0446868 176 116 -0.634457 0.196871 222 96
stick pear 2 -0.598662 -0.190215 95 101 -0.519432 -0.129308 112 122
stick pear 2 -0.504237 -0.0841221 129 126 -0.46981 0.0433602 178 134
stick pear 2 -0.471059 0.0465844 179 135 -0.449529 0.103013 201 140
