stick ycup 3 -0.633747 0.098273 190 95 -0.471868 0.0349471 175 136
stick ycup 3 -0.325696 0.0106172 169 186 -0.516676 0.0460907 178 122
stick ycup 3 -0.47887 -0.044797 145 132 -0.56058 -0.0459191 138 112
stick ycup 3 -0.592325 0.0985034 193 106 -0.590599 0.105545 195 104
stick ycup 3 -0.444741 -0.141469 104 145 -0.498691 -0.143557 105 126
stick ycup 3 -0.564596 -0.0182663 154 110 -0.509335 -0.024454 152 124
stick ycup 3 -0.547899 -0.0238191 152 114 -0.547309 0.00428435 162 114
stick ycup 3 -0.624907 0.0552684 177 97 -0.673222 0.0723087 181 88
stick ycup 3 -0.542644 0.13018 206 115 -0.528864 0.140664 212 120
stick ycup 3 -0.470266 -0.032201 149 135 -0.519609 -0.0234898 152 121
