stick ylego 4 -0.464634 -0.336158 23 138 -0.529119 -0.345864 27 115
stick ylego 4 -0.543439 -0.353684 26 116 -0.652492 -0.393953 27 92
stick ylego 4 -0.946356 -0.59856 0 37 -0.596837 -0.173076 102 102
stick ylego 4 -0.593282 -0.168842 102 105 -0.624748 -0.162016 105 95
stick ylego 4 -0.508031 -0.022393 153 124 -0.543107 -0.0324651 151 115
stick ylego 4 -0.552689 -0.0488827 142 113 -0.729697 -0.0472058 144 78
stick ylego 4 -0.557224 0.152614 213 113 -0.577456 0.115401 201 111
stick ylego 4 -0.581868 0.117895 200 107 -0.704771 0.151888 206 85
stick ylego 4 -0.552466 -0.151472 106 111 -0.689846 -0.186062 101 85
stick ylego 4 -0.496741 -0.183216 93 129 -0.644574 -0.202159 94 94
