hook orange 3 -0.58035 -0.250871 71 104 -0.49516 -0.311563 38 125
hook orange 3 -0.482884 -0.27763 51 132 -0.428057 -0.256721 53 142
hook orange 3 -0.540196 -0.0730002 135 121 -0.559804 -0.20547 86 110
hook orange 3 -0.54799 -0.188305 92 113 -0.415451 -0.126035 109 152
hook orange 3 -0.420576 -0.137603 103 151 -0.268283 -0.126115 95 209
hook orange 3 -0.629705 0.20425 226 97 -0.510219 0.265864 254 124
hook orange 3 -0.522656 0.265593 256 121 -0.462137 0.317338 277 137
hook orange 3 -0.478307 0.152186 218 132 -0.577256 0.138977 206 108
hook orange 3 -0.571932 0.144478 210 109 -0.527545 0.229963 242 121
hook orange 3 -0.661813 -0.0477777 143 90 -0.572022 -0.066211 138 108
hook orange 3 -0.563529 -0.0690816 136 110 -0.443093 -0.0865391 127 140
