rake ylego 3 -0.639291 -0.156727 109 92 -0.538403 -0.121582 117 115
rake ylego 3 -0.644314 -0.0724545 137 92 -0.542931 -0.0313826 150 115
rake ylego 3 -0.655693 0.118441 197 92 -0.508141 0.149 215 125
rake ylego 3 -0.612184 0.257302 242 102 -0.452045 0.240267 253 141
rake ylego 3 -0.61306 -0.108407 124 98 -0.466449 -0.0636555 137 135
rake ylego 3 -0.670598 0.0156323 165 88 -0.574576 0.0460282 176 108
rake ylego 3 -0.69414 -0.203741 96 81 -0.535546 -0.0915773 128 116
rake ylego 3 -0.445706 -0.108873 118 141 -0.494682 0.22932 244 129
rake ylego 3 -0.691877 0.0952784 188 85 -0.560504 0.126628 204 112
rake ylego 3 -0.650903 -0.0499873 144 91 -0.535559 -0.0121105 157 117
