rake lemon 1 -1.01704 -0.635734 0 30 -0.666914 -0.217116 90 86
rake lemon 1 -0.520649 0.0164525 167 121 -0.441046 -0.198802 79 142
rake lemon 1 -0.609569 0.0080792 163 100 -0.738841 -0.219581 94 73
rake lemon 1 -0.664822 0.0976882 190 90 -0.741301 -0.111002 127 74
rake lemon 1 -0.658143 -0.0135634 156 90 -0.620247 -0.142491 113 96
rake lemon 1 -0.553296 0.0484788 178 113 -0.45383 -0.0883816 127 139
rake lemon 1 -0.667267 0.0810065 185 90 -0.697151 -0.0762669 137 82
rake lemon 1 -0.673938 0.147734 205 89 -0.658079 -0.0949641 130 89
rake lemon 1 -0.658684 -0.0857049 133 89 -0.619015 -0.220776 86 96
rake lemon 1 -0.640663 0.0942396 189 94 -0.678521 -0.00331834 159 86
