stick lemon 1 -0.571656 0.0910244 191 110 -0.569572 -0.11558 121 109
stick lemon 1 -0.566392 -0.116837 119 110 -0.546233 -0.257856 65 117
stick lemon 1 -0.637513 0.0438289 173 95 -0.658605 -0.114143 120 90
stick lemon 1 -0.682875 -0.125343 121 84 -0.628273 -0.261058 72 97
stick lemon 1 -1.09261 0.305044 220 35 -0.709912 -0.137557 116 79
stick lemon 1 -0.565663 0.092112 192 110 -0.597978 -0.114898 119 103
stick lemon 1 -0.532158 -0.0203871 154 119 -0.53071 -0.154306 103 117
stick lemon 1 -1.00001 -0.619642 0 33 -0.640837 -0.123892 120 93
stick lemon 1 -0.529977 0.128071 208 119 -0.544183 -0.134106 113 113
stick lemon 1 -0.53738 -0.184584 99 115 -0.509695 -0.28978 49 121
