hook ycup 3 -0.603904 0.117628 198 103 -0.389604 0.122422 176 152
hook ycup 3 -0.357344 0.027773 176 172 -0.420178 0.106888 173 153
hook ycup 3 -0.607326 -0.0184566 154 101 -0.55843 0.0243005 174 156
hook ycup 3 -0.596624 0.0106858 163 103 -0.449313 0.0346822 163 154
hook ycup 3 -0.549256 -0.188203 92 112 -0.47796 -0.126864 175 153
hook ycup 3 -0.550494 -0.221633 79 115 -0.454147 -0.155783 167 157
hook ycup 3 -0.548608 0.0583349 180 114 -0.438494 0.0664261 175 159
hook ycup 3 -0.553655 -0.246392 70 113 -0.493213 -0.194807 150 123
hook ycup 3 -0.528803 -0.25256 67 120 -0.432093 -0.158529 163 154
hook ycup 3 -0.541424 -0.214098 81 117 -0.491918 -0.188113 161 150
