hook ocup 4 -0.500053 -0.0184214 154 126 -0.635514 -0.204637 93 93
hook ocup 4 -0.501354 0.0268997 171 126 -0.624745 -0.0243335 152 97
hook ocup 4 -0.517216 0.0230452 169 123 -0.596587 0.104033 196 106
hook ocup 4 -0.501375 0.0112165 165 126 -0.64172 -0.181133 100 91
hook ocup 4 -0.501052 -0.276298 54 125 -0.535162 -0.275075 57 118
hook ocup 4 -0.648549 0.197444 220 94 -0.726347 0.265378 233 80
hook ocup 4 -0.613835 -0.0593473 141 99 -0.733482 -0.143265 118 75
hook ocup 4 -0.555334 0.0489833 177 112 -0.62327 -0.118685 120 99
hook ocup 4 -0.511338 0.0715884 187 126 -0.802421 -0.0234043 149 66
hook ocup 4 -0.634076 0.191651 219 97 -0.851207 0.260022 224 62
