stick yball 2 -0.543635 -0.154403 104 117 -0.584188 -0.0767836 135 105
stick yball 2 -0.572109 -0.0842859 130 109 -0.562612 -0.129778 114 110
stick yball 2 -0.571606 -0.132613 112 108 -0.571293 -0.123475 116 108
stick yball 2 -0.54441 0.035501 173 115 -0.564948 0.180829 222 110
stick yball 2 -0.512911 0.0334485 173 123 -0.559819 0.164345 216 112
stick yball 2 -0.568307 -0.06154 138 111 -0.551811 -0.0746559 135 113
stick yball 2 -0.542745 -0.0714844 135 115 -0.552696 -0.0384293 147 113
stick yball 2 -0.555815 -0.0394708 146 112 -0.588823 0.0964012 193 105
stick yball 2 -0.54996 -0.19564 88 114 -0.585524 -0.0756883 136 104
stick yball 2 -0.467694 -0.29065 26 116 -0.622759 -0.181846 100 94
