rake ocup 2 -0.565592 -0.159523 103 108 -0.586868 -0.163643 103 103
rake ocup 2 -0.601141 -0.151571 108 100 -0.585055 -0.120206 118 104
rake ocup 2 -0.5766 -0.113683 120 106 -0.584431 -0.131452 114 104
rake ocup 2 -0.55499 -0.11979 117 111 -0.537765 -0.0499068 142 116
rake ocup 2 -0.599449 -0.0261903 151 102 -0.673061 0.0293011 168 88
rake ocup 2 -0.640495 0.0119611 163 94 -0.682699 0.0861279 185 87
rake ocup 2 -0.610453 0.00183435 160 100 -0.540229 0.00495044 162 116
rake ocup 2 -0.548599 0.00887037 163 114 -0.601569 0.177552 217 104
rake ocup 2 -0.606499 0.0966894 191 102 -0.598193 0.202225 225 105
rake ocup 2 -0.545277 0.216781 234 117 -0.629623 0.254704 239 99
