rake yball 4 -0.578289 -0.158076 104 108 -0.696837 -0.160295 169 143
rake yball 4 -0.530771 -0.25384 68 123 -0.999656 -0.0597467 85 10
rake yball 4 -0.577265 -0.103728 123 108 -0.734182 -0.114617 168 140
rake yball 4 -0.541949 -0.187827 93 117 -0.719097 -0.225758 169 136
rake yball 4 -0.558776 0.0660881 182 111 -0.771068 0.115889 171 137
rake yball 4 -0.554048 -0.0728501 134 115 -0.699508 -0.118936 169 144
rake yball 4 -0.629355 -0.255215 74 94 -0.717673 -0.338265 164 142
rake yball 4 -0.589206 -0.0175805 155 104 -0.764432 -0.0190012 169 139
rake yball 4 -0.535117 -0.203972 87 113 -0.697741 -0.255421 169 143
rake yball 4 -0.529151 0.173406 221 119 -0.690873 0.119207 166 142
