rake pear 3 -0.66769 0.054403 177 89 -0.567934 0.0949202 193 110
rake pear 3 -0.662788 0.244759 234 92 -0.527982 0.277556 257 121
rake pear 3 -0.641271 0.0534265 177 94 -0.491461 0.0923164 196 129
rake pear 3 -0.651457 -0.129998 118 90 -0.592632 -0.0523867 143 103
rake pear 3 -0.645483 -0.243671 80 90 -0.536605 -0.195886 89 115
rake pear 3 -0.591597 0.0215706 168 104 -0.516538 0.130008 208 123
rake pear 3 -0.597293 0.0477757 176 103 -0.483441 0.0623404 185 131
rake pear 3 -0.585538 0.192732 224 107 -0.480534 0.277471 263 134
rake pear 3 -0.725324 0.14576 202 80 -0.65228 0.152761 207 93
rake pear 3 -0.594214 0.049923 177 104 -0.474343 0.135164 213 136
