rake wball 4 -0.534061 -0.171574 97 118 -0.635877 -0.242719 79 96
rake wball 4 -0.590396 -0.0600548 140 104 -0.649951 -0.151648 110 90
rake wball 4 -0.547707 -0.116019 120 115 -0.659473 -0.199465 94 90
rake wball 4 -0.602258 -0.0197777 154 103 -0.683807 -0.121628 122 84
rake wball 4 -0.550633 0.222639 236 111 -0.685637 0.242372 232 87
rake wball 4 -0.693259 0.24239 229 82 -0.874572 0.300633 235 59
rake wball 4 -0.557791 -0.0640812 138 111 -0.651109 -0.162656 107 92
rake wball 4 -0.649476 -0.166208 107 94 -0.784624 -0.255372 89 64
rake wball 4 -0.569867 0.0620699 182 109 -0.749594 0.0398964 171 75
rake wball 4 -0.603837 0.284404 250 99 -0.805994 0.274094 232 70
