stick ocup 4 -0.565019 -0.348182 33 108 -0.62044 -0.442575 6 97
stick ocup 4 -0.470706 -0.184038 88 135 -0.563904 -0.30717 48 109
stick ocup 4 -0.515179 -0.117282 113 123 -0.672825 -0.198498 95 86
stick ocup 4 -0.472707 -0.0248366 152 134 -0.605168 -0.0467632 145 100
stick ocup 4 -0.461904 -0.196733 83 139 -0.568601 -0.178153 98 107
stick ocup 4 -0.451944 -0.211111 76 143 -0.575372 -0.299286 52 104
stick ocup 4 -0.512288 -0.00347439 159 123 -0.653492 -0.00388159 158 91
stick ocup 4 -0.516049 -0.169021 97 121 -0.538661 -0.277966 58 117
stick ocup 4 -0.704438 -0.09883 128 83 -0.524808 -0.215231 81 115
stick ocup 4 -0.535341 -0.260551 62 118 -0.675395 -0.334732 52 83
