stick ycup 1 -0.590444 -0.124563 117 103 -0.540186 -0.359365 24 120
stick ycup 1 -0.461289 0.0860136 195 137 -0.59207 -0.216051 83 104
stick ycup 1 -0.549792 -0.18045 95 113 -0.481169 -0.230299 70 132
stick ycup 1 -0.662568 0.0776453 183 90 -0.571192 -0.14822 107 110
stick ycup 1 -0.621488 0.00883643 164 98 -0.572299 -0.212153 84 108
stick ycup 1 -0.543067 0.0456762 177 115 -0.465573 -0.220112 72 138
stick ycup 1 -0.547357 0.0165134 167 115 -0.721559 -0.0926214 134 77
stick ycup 1 -0.514438 0.0247049 170 122 -0.668377 -0.103586 129 86
stick ycup 1 -0.54281 -0.0518773 142 115 -0.502595 -0.19908 85 123
stick ycup 1 -0.491945 0.0493214 194 126 -0.406555 -0.246216 56 153
