rake ylego 1 -0.623524 -0.00156294 160 97 -0.604364 -0.0971298 128 100
rake ylego 1 -0.639232 -0.0742789 136 93 -0.603065 -0.123214 119 100
rake ylego 1 -0.612112 -0.123925 119 98 -0.594398 -0.198671 92 101
rake ylego 1 -0.556939 -0.0700789 136 111 -0.509372 -0.187073 90 122
rake ylego 1 -0.544304 0.0343043 173 115 -0.52328 -0.108479 121 119
rake ylego 1 -0.52724 -0.111769 120 118 -0.49115 -0.223285 74 127
rake ylego 1 -0.538657 0.0768142 188 117 -0.5568 -0.197153 90 110
rake ylego 1 -0.569942 0.106649 197 110 -0.556482 -0.0792836 133 111
rake ylego 1 -0.660878 0.120807 197 90 -0.615162 -0.116169 123 98
rake ylego 1 -0.608721 -0.115 120 101 -0.603659 -0.233733 81 97
