rake ocup 4 -0.520958 0.123086 204 122 -0.638641 -0.0161415 154 94
rake ocup 4 -0.556319 0.177047 220 114 -0.708213 0.123191 195 83
rake ocup 4 -0.380975 0.172533 234 164 -0.731859 0.0290913 167 78
rake ocup 4 -0.55569 -0.0193905 153 112 -0.691865 -0.0869279 132 83
rake ocup 4 -0.517772 -0.0572837 139 121 -0.575094 -0.216721 83 105
rake ocup 4 -0.602947 0.034896 171 102 -0.851435 -0.0297274 150 59
rake ocup 4 -0.608043 0.207786 226 103 -0.839476 0.199931 210 64
rake ocup 4 -0.587313 0.19623 224 107 -0.619609 0.155594 209 100
rake ocup 4 -0.594219 -0.0370099 147 103 -0.747201 -0.119761 124 73
rake ocup 4 -0.579556 0.0237809 168 107 -0.692667 0.0703575 180 85
