stick lemon 2 -0.57823 -0.134246 114 108 -0.599597 -0.042976 147 102
stick lemon 2 -0.595974 -0.0487256 144 103 -0.519632 0.0119459 165 122
stick lemon 2 -0.591546 0.0338044 173 105 -0.70415 0.175767 210 83
stick lemon 2 -0.560317 -0.147001 108 111 -0.619783 -0.0418722 147 98
stick lemon 2 -0.554806 -0.0292424 150 113 -0.486383 0.110647 203 133
stick lemon 2 -0.480609 0.109922 202 133 -0.422043 0.26308 267 155
stick lemon 2 -0.531346 -0.0915303 128 117 -0.531481 -0.013517 156 118
stick lemon 2 -0.548366 -0.0251401 151 114 -0.536213 -0.0150483 156 117
stick lemon 2 -0.54891 -0.0257624 151 114 -0.614396 0.0883824 189 100
stick lemon 2 -0.502122 -0.294726 43 126 -0.489205 -0.177045 93 131
