stick plego 4 -0.956005 -0.282868 86 42 -0.601338 -0.277071 63 98
stick plego 4 -0.547396 -0.0656609 137 114 -0.587266 -0.0968506 125 104
stick plego 4 -0.458128 -0.154781 99 136 -0.542925 -0.17701 95 114
stick plego 4 -0.567954 0.0790485 188 109 -0.621 0.0593885 178 98
stick plego 4 -0.457385 0.158474 223 137 -0.560148 -0.166071 100 112
stick plego 4 -0.513789 -0.104853 122 122 -0.596232 -0.139235 114 101
stick plego 4 -0.497558 -0.0544841 141 127 -0.530814 -0.0614242 140 118
stick plego 4 -0.560399 0.154453 212 110 -0.695809 0.171317 210 89
stick plego 4 -0.551335 -0.0227116 152 113 -0.584233 0.00101842 159 106
stick plego 4 -0.581411 -0.00136356 160 107 -0.682156 -0.0636259 140 85
