stick pear 1 -0.491497 -0.0158988 154 129 -0.526115 -0.162887 102 116
stick pear 1 -0.419169 0.136598 218 152 -0.402971 -0.0468033 146 156
stick pear 1 -0.446088 -0.0346041 148 142 -0.420846 -0.206825 74 145
stick pear 1 -0.515917 0.156156 216 122 -0.572876 0.00362419 162 108
stick pear 1 -0.585979 -0.0338803 148 105 -0.468035 -0.0991189 122 135
stick pear 1 -0.469152 -0.0983691 122 134 -0.476248 -0.194823 84 135
stick pear 1 -0.563232 0.0312829 172 111 -0.558366 -0.120913 117 111
stick pear 1 -0.551383 -0.115371 118 113 -0.570117 -0.180899 95 110
stick pear 1 -0.520246 0.109438 200 122 -0.426423 -0.0722902 132 148
stick pear 1 -0.484426 -0.0488576 142 131 -0.585544 -0.147428 109 103
