hook ycup 2 -0.531377 -0.0101198 157 118 -0.547019 0.0985583 170 155
hook ycup 2 -0.548173 0.0400401 176 114 -0.476929 0.11189 204 97
hook ycup 2 -0.552963 -0.013588 157 113 -0.574595 0.130993 165 151
hook ycup 2 -0.588501 0.141308 207 106 -0.554448 0.282443 170 154
hook ycup 2 -0.553305 -0.0653421 137 113 -0.527389 0.0887682 172 142
hook ycup 2 -0.68104 -0.096988 128 87 -0.624681 0.0336939 178 164
hook ycup 2 -0.297481 0.017182 175 197 -0.635992 -0.0871132 171 151
hook ycup 2 -0.543943 -0.205185 86 116 -0.567524 0.0886924 170 151
hook ycup 2 -0.568357 0.0885483 191 110 -0.639366 0.188922 172 163
hook ycup 2 -0.578829 -0.123445 118 106 -0.403512 0.0729098 169 154
