hook sycup 4 -0.543986 -0.0925173 128 114 -0.71127 -0.0956758 165 134
hook sycup 4 -0.600879 -0.115594 120 103 -0.63414 -0.0760339 170 138
hook sycup 4 -0.550255 -0.149333 107 114 -0.558751 -0.0922487 169 142
hook sycup 4 -0.562923 -0.158856 104 109 -0.639988 -0.323032 168 140
hook sycup 4 -0.545846 -0.0489891 143 116 -0.694922 -0.0499608 165 134
hook sycup 4 -0.625133 -0.0492064 143 97 -0.594569 0.0158077 171 144
hook sycup 4 -0.605394 0.111268 196 103 -0.63738 0.155107 170 140
hook sycup 4 -0.582419 0.19303 224 107 -0.585752 0.226036 170 144
hook sycup 4 -0.538345 -0.277496 57 115 -0.643675 -0.319324 170 138
hook sycup 4 -0.499326 -0.122796 114 128 -0.637295 -0.120093 152 135
hook sycup 4 -0.580165 -0.134428 114 106 -0.657758 -0.0925944 168 145
