rake lemon 2 -0.768415 -0.523761 0 64 -0.580833 -0.0662318 138 106
rake lemon 2 -0.584058 -0.0663724 138 105 -0.576584 -0.0372433 148 107
rake lemon 2 -0.559751 -0.181534 95 109 -0.611382 -0.0566899 141 99
rake lemon 2 -0.61229 -0.0626801 139 99 -0.600195 0.0334268 171 103
rake lemon 2 -0.573604 0.142651 208 111 -0.88834 0.318877 237 61
rake lemon 2 -0.615694 0.0991218 192 101 -0.89684 0.286536 229 59
rake lemon 2 -0.610117 -0.113624 122 99 -0.618075 -0.133052 116 97
rake lemon 2 -0.60009 -0.127311 117 101 -0.632981 -0.018258 154 96
rake lemon 2 -0.607443 0.0514219 177 102 -0.570336 0.0975899 193 111
rake lemon 2 -0.582017 0.0889521 190 108 -0.569996 0.256501 245 113
