rake lemon 3 -0.632339 -0.102144 127 94 -0.532228 -0.0696176 136 117
rake lemon 3 -0.600531 -0.160101 106 100 -0.444726 -0.155752 98 141
rake lemon 3 -0.590797 -0.172791 101 102 -0.486358 -0.0928345 126 129
rake lemon 3 -0.603674 0.0739284 185 102 -0.519806 0.130489 208 122
rake lemon 3 -0.62927 0.202933 224 98 -0.480702 0.252634 254 133
rake lemon 3 -0.675624 0.186422 216 89 -0.560769 0.235035 240 113
rake lemon 3 -0.61825 0.0817173 187 99 -0.469182 0.0582141 184 135
rake lemon 3 -0.611546 -0.137494 114 98 -0.540798 -0.0580245 140 115
rake lemon 3 -0.639579 -0.0681844 138 93 -0.487539 -0.0569359 140 129
rake lemon 3 -0.651216 0.0188551 165 92 -0.509214 0.0123803 166 124
