stick lemon 4 -0.59683 0.0100614 163 103 -0.631744 -0.0543351 140 96
stick lemon 4 -0.590107 0.107548 198 104 -0.70725 0.0998137 189 82
stick lemon 4 -0.563999 -0.0435174 145 111 -0.553934 -0.0356402 147 112
stick lemon 4 -0.559184 -0.0425123 146 112 -0.665793 0.00728466 160 89
stick lemon 4 -0.610498 -0.129135 115 99 -0.648216 -0.156231 108 92
stick lemon 4 -1.21908 0.387388 231 26 -0.7471 0.134952 199 76
stick lemon 4 -0.522937 -0.129802 113 120 -0.585381 -0.161811 105 103
stick lemon 4 -0.503965 0.196883 231 127 -0.640615 0.232741 231 95
stick lemon 4 -0.507552 -0.210695 213 38 -0.701153 -0.226504 89 83
stick lemon 4 -0.433028 -0.177459 85 144 -0.527962 -0.138434 110 117
