hook lemon 2 -0.623527 -0.114668 122 96 -0.749927 -0.0729733 136 73
hook lemon 2 -0.738023 -0.0322252 148 75 -0.918698 0.117572 187 52
hook lemon 2 -0.586018 -0.00107455 160 105 -0.568009 0.149974 210 110
hook lemon 2 -0.568089 0.152982 211 110 -0.55758 0.310226 264 114
hook lemon 2 -0.564472 -0.0217927 153 110 -0.590664 0.00198024 161 104
hook lemon 2 -0.582284 0.0194498 167 106 -0.673535 0.113307 194 89
hook lemon 2 -0.666838 0.118818 196 90 -0.744847 0.29352 241 78
hook lemon 2 -0.666943 -0.0498772 143 88 -0.784492 0.0877227 183 70
hook lemon 2 -0.635879 0.0221892 167 95 -0.663204 0.187887 217 91
hook lemon 2 -0.56065 0.0270037 170 111 -0.689589 0.078867 182 85
