rake ycup 4 -0.57829 -0.0260865 152 107 -0.585828 0.0816345 187 106
rake ycup 4 -0.709206 0.232305 226 85 -0.852794 0.142541 197 61
rake ycup 4 -0.597358 0.0876602 188 104 -0.687092 0.192372 217 89
rake ycup 4 -0.570951 0.127993 202 109 -0.726749 0.056484 174 78
rake ycup 4 -0.538695 -0.0928234 128 117 -0.666594 -0.116915 123 88
rake ycup 4 -0.566941 -0.0711679 136 109 -0.745347 -0.128311 123 75
rake ycup 4 -0.57078 0.22035 233 110 -0.696534 0.135384 198 84
rake ycup 4 -0.579381 -0.146702 110 109 -0.732929 -0.229882 87 76
rake ycup 4 -0.519112 0.0483019 179 123 -0.810477 0.152617 198 65
rake ycup 4 -0.545753 -0.184923 93 116 -0.725573 -0.255493 81 79
