rake bball 1 -0.631234 0.0869157 186 95 -0.560305 -0.0944576 158 112
rake bball 1 -0.578122 -0.0891507 129 107 -0.574457 -0.26236 67 104
rake bball 1 -0.585469 0.0772671 186 106 -0.547465 -0.117431 121 111
rake bball 1 -0.625416 -0.114514 122 97 -0.624405 -0.267628 69 94
rake bball 1 -0.604867 0.0563932 178 101 -0.62339 -0.239636 79 95
rake bball 1 -0.700302 0.0974365 187 83 -0.718342 -0.110731 124 78
rake bball 1 -0.657888 0.0668339 180 91 -0.590456 -0.0862193 133 103
rake bball 1 -0.597074 -0.0924497 128 102 -0.673023 -0.250961 77 84
rake bball 1 -0.685821 0.129703 197 86 -0.63892 -0.0715594 137 94
rake bball 1 -0.613801 -0.0920214 130 101 -0.588756 -0.229801 81 101
