hook lemon 3 -0.68925 0.0721465 180 85 -0.564094 -0.130611 114 109
hook lemon 3 -0.626758 0.0715546 183 97 -0.671889 -0.17457 104 86
hook lemon 3 -0.5597 -0.131024 114 110 -0.475846 -0.15112 102 132
hook lemon 3 -0.574524 0.051466 178 108 -0.450952 -0.0123991 157 140
hook lemon 3 -0.515104 -0.00576046 159 122 -0.495719 -0.178461 92 126
hook lemon 3 -0.634169 0.23766 234 97 -0.446781 -0.0938172 124 141
hook lemon 3 -0.589349 0.140678 206 105 -0.575082 0.244374 240 109
hook lemon 3 -0.565692 0.229152 236 111 -0.416147 -0.063278 136 151
hook lemon 3 -0.58394 -0.0565759 141 105 -0.520131 -0.127429 113 120
hook lemon 3 -0.570935 -0.0218563 150 110 -0.397503 -0.211971 70 160
