rake sycup 1 -0.583564 -0.171893 100 104 -0.554784 -0.360293 168 142
rake sycup 1 -0.591348 -0.0880804 130 105 -0.596293 -0.232964 169 140
rake sycup 1 -0.599365 -0.0609401 139 103 -0.661784 -0.186409 167 146
rake sycup 1 -1.10362 -0.187575 118 29 -0.64094 -0.275341 171 146
rake sycup 1 -0.58924 -0.0228158 152 105 -0.616262 -0.136109 168 144
rake sycup 1 -0.623243 -0.0665966 138 97 -0.596175 -0.215139 162 142
rake sycup 1 -0.559799 0.127373 204 117 -0.555175 -0.0353765 164 138
rake sycup 1 -0.624837 0.0524017 175 97 -0.621395 -0.0894405 120 82
rake sycup 1 -0.65406 -0.198871 93 91 -0.619413 -0.362871 0 78
rake sycup 1 -0.557767 -0.0384309 147 112 -0.651775 -0.126082 167 140
