rake plego 3 -0.646538 -0.325688 51 91 -0.499156 -0.250805 171 137
rake plego 3 -0.623613 -0.269306 67 96 -0.551252 -0.220926 163 141
rake plego 3 -0.583325 -0.23919 75 107 -0.480299 -0.236201 171 133
rake plego 3 -0.606124 -0.074627 135 101 -0.434873 -0.0241792 170 152
rake plego 3 -0.630877 0.0629523 179 96 -0.519581 0.0744114 163 142
rake plego 3 -0.649319 0.124252 198 99 -0.451298 0.108516 163 155
rake plego 3 -0.624113 -0.211555 89 96 -0.619011 -0.200923 167 142
rake plego 3 -0.702181 -0.223871 89 82 -0.569189 -0.190128 168 145
rake plego 3 -0.649661 -0.226539 85 91 -0.494902 -0.1425 164 140
rake plego 3 -0.590747 -0.0233206 151 104 -0.491636 0.0213786 217 129
