stick ycup 2 -0.471646 -0.222259 73 136 -0.62436 -0.220272 86 98
stick ycup 2 -0.612644 -0.211943 89 96 -0.725516 -0.0414432 145 78
stick ycup 2 -0.667679 0.0832176 184 89 -0.79844 0.11868 189 67
stick ycup 2 -0.552174 -0.0727912 134 113 -0.526461 -0.0100251 159 119
stick ycup 2 -0.523282 -0.0083956 157 120 -0.53256 0.0964892 194 118
stick ycup 2 -0.436632 -0.139516 102 145 -0.52468 -0.120034 118 117
stick ycup 2 -0.473467 -0.105817 120 135 -0.483428 -0.0472643 144 130
stick ycup 2 -0.547781 -0.0938445 127 114 -0.564618 0.0283214 172 110
stick ycup 2 -0.515431 0.0278473 171 122 -0.639846 0.0774441 182 94
stick ycup 2 -0.46418 -0.29345 36 111 -0.532379 -0.18007 96 116
