hook plego 1 -0.541952 -0.102992 123 117 -0.52509 -0.213979 80 118
hook plego 1 -0.561553 -0.224258 83 108 -0.571499 -0.246632 72 106
hook plego 1 -0.461115 -0.0560397 139 138 -0.554568 -0.190717 90 112
hook plego 1 -0.646344 -0.0521622 142 92 -0.531378 -0.120129 116 119
hook plego 1 -0.562423 0.176344 220 112 -0.614607 0.0636845 182 100
hook plego 1 -0.602805 0.0453617 177 102 -0.634656 -0.0689243 139 94
hook plego 1 -0.604559 -0.0173857 153 101 -0.583898 -0.118071 120 104
hook plego 1 -0.585357 -0.111146 121 106 -0.618428 -0.154543 109 99
hook plego 1 -0.56477 0.043073 176 110 -0.547978 -0.0143985 155 114
hook plego 1 -0.55092 -0.0230155 152 113 -0.58989 -0.0535541 142 104
