stick orange 3 -0.56427 0.0804839 187 111 -0.538146 0.0595449 182 117
stick orange 3 -0.609233 -0.036054 147 100 -0.606369 -0.0334953 149 102
stick orange 3 -0.503459 -0.263255 60 127 -0.487296 -0.230867 72 119
stick orange 3 -0.564526 -0.272114 60 111 -0.571453 -0.288784 55 110
stick orange 3 -0.635984 0.158129 208 98 -0.640219 0.110399 196 95
stick orange 3 -0.52378 0.0623312 183 119 -0.48159 0.046794 179 131
stick orange 3 -0.487263 -0.121859 113 130 -0.499904 -0.133164 111 126
stick orange 3 -0.610221 -0.2174 85 102 -0.661615 -0.215486 91 89
stick orange 3 -0.550882 -0.286969 55 113 -0.535223 -0.272474 58 114
stick orange 3 -0.473099 -0.114593 117 133 -0.486469 -0.119081 115 129
