hook bball 1 -0.604336 -0.00374121 159 101 -0.585104 -0.129124 115 106
hook bball 1 -0.587787 -0.123416 117 105 -0.607438 -0.21051 87 102
hook bball 1 -0.584347 0.187384 222 108 -0.624359 0.121847 198 99
hook bball 1 -0.605406 0.128896 202 103 -0.618734 0.0361023 172 99
hook bball 1 -0.621277 0.0194345 166 99 -0.60268 -0.116819 120 102
hook bball 1 -0.611659 -0.10988 123 100 -0.60297 -0.197474 93 98
hook bball 1 -0.558283 -0.0857406 131 110 -0.62187 -0.162619 106 96
hook bball 1 -0.636407 0.185409 218 96 -0.61054 -0.0259978 150 100
hook bball 1 -0.586098 0.221968 232 108 -0.647373 -0.255716 77 90
hook bball 1 -0.65758 0.126777 198 93 -0.646992 -0.0830886 132 91
