stick bball 1 -0.421199 0.133213 217 148 -0.457752 -0.159443 97 136
stick bball 1 -0.547025 0.0300729 169 114 -0.594534 -0.123007 121 102
stick bball 1 -0.588724 -0.111463 122 109 -0.58902 -0.255052 73 104
stick bball 1 -0.487135 -0.243012 65 130 -0.438231 -0.349647 12 151
stick bball 1 -0.628516 -0.0182321 155 96 -0.627763 -0.141001 119 90
stick bball 1 -0.594755 0.189541 221 103 -0.612509 -0.145617 111 100
stick bball 1 -0.472928 -0.0767833 131 135 -0.448238 -0.223221 71 134
stick bball 1 -0.621037 -0.0714931 136 97 -0.636492 -0.207754 93 90
stick bball 1 -0.594004 -0.155872 106 103 -0.604166 -0.303338 54 97
stick bball 1 -0.453977 -0.0819562 129 139 -0.495643 -0.258024 61 123
