stick lemon 3 -0.582599 0.149419 211 108 -0.564981 0.144242 209 110
stick lemon 3 -0.492005 -0.145421 106 135 -0.503779 -0.150115 105 122
stick lemon 3 -0.633782 0.112322 194 96 -0.635814 0.11397 197 96
stick lemon 3 -0.529226 -0.00160969 160 119 -0.524066 0.000507424 161 120
stick lemon 3 -0.990313 -0.619441 0 40 -0.566743 -0.145998 109 109
stick lemon 3 -0.534042 -0.103116 123 117 -0.529239 -0.0987985 126 118
stick lemon 3 -0.518019 -0.121825 115 122 -0.517111 -0.136998 108 121
stick lemon 3 -0.556626 0.0556415 249 4 -0.57095 0.0657648 183 109
stick lemon 3 -0.525592 -0.29457 52 111 -0.548026 -0.310495 45 117
stick lemon 3 -0.533036 0.129063 201 113 -0.538389 0.123695 204 117
