stick ocup 1 -0.444775 -0.185417 87 142 -0.560691 -0.310955 48 103
stick ocup 1 -0.549873 -0.0130387 155 113 -0.574837 -0.3361 37 110
stick ocup 1 -0.513297 -0.111057 119 123 -0.565647 -0.266857 63 106
stick ocup 1 -0.569036 0.112042 198 109 -0.64144 -0.141129 115 92
stick ocup 1 -0.485027 0.0816936 191 131 -0.521984 -0.202942 85 119
stick ocup 1 -0.468277 0.0730136 190 134 -0.487399 -0.131269 110 129
stick ocup 1 -0.513797 -0.0358301 147 122 -0.690814 -0.145394 116 81
stick ocup 1 -0.574386 -0.0460925 143 108 -0.462541 -0.251009 58 137
stick ocup 1 -0.563704 -0.0159113 154 110 -0.589489 -0.19218 93 102
stick ocup 1 -0.618471 0.160733 206 106 -0.544547 -0.307638 44 113
