stick plego 1 -0.561434 -0.135503 113 112 -0.527484 -0.295325 49 117
stick plego 1 -0.495634 0.138792 212 128 -0.582953 -0.0191632 155 106
stick plego 1 -0.601758 0.0161473 165 102 -0.574634 -0.125657 117 106
stick plego 1 -0.517915 -0.129924 114 123 -0.534291 -0.261458 65 119
stick plego 1 -0.475545 -0.136984 107 135 -0.603251 -0.135999 114 100
stick plego 1 -0.589673 -0.12324 117 104 -0.510139 -0.249621 64 120
stick plego 1 -0.449737 -0.186735 86 141 -0.436018 0.0417763 180 144
stick plego 1 -0.352648 -0.0527079 139 175 -0.470846 -0.256234 61 137
stick plego 1 -0.492316 0.0566803 182 128 -0.538613 -0.0529944 142 117
stick plego 1 -0.463523 -0.0917696 125 138 -0.4804 -0.160858 99 129
