stick sycup 4 -0.647618 -0.00296557 158 94 -0.671859 0.0201897 164 88
stick sycup 4 -0.609931 0.0190991 166 101 -0.701214 -0.0252456 152 82
stick sycup 4 -0.568656 0.199631 226 111 -0.727991 0.0312104 169 78
stick sycup 4 -0.448656 -0.123525 112 143 -0.578759 -0.123929 116 105
stick sycup 4 -0.536995 -0.118955 117 116 -0.624603 -0.0710601 139 96
stick sycup 4 -0.533507 -0.0579506 140 118 -0.605751 -0.176886 100 99
stick sycup 4 -0.591221 0.164772 214 106 -0.801801 -0.0123176 157 66
stick sycup 4 -0.611969 -0.0269366 150 100 -0.685394 -0.0924658 129 85
stick sycup 4 -0.480853 -0.1881 87 133 -0.58593 -0.169549 99 106
stick sycup 4 -0.473179 -0.0339131 150 129 -0.651326 -0.0477563 145 92
