hook plego 3 -0.521482 -0.0807356 132 121 -0.489115 -0.0526992 175 136
hook plego 3 -0.584204 -0.273461 63 105 -0.475981 -0.238046 165 150
hook plego 3 -0.521335 -0.240936 70 120 -0.513811 -0.219923 169 140
hook plego 3 -0.556653 -0.222696 78 109 -0.404912 -0.18103 169 149
hook plego 3 -0.630616 -0.0658477 137 95 -0.545727 -0.0792591 166 144
hook plego 3 -0.535399 -0.0935598 128 117 -0.414126 -0.109436 161 159
hook plego 3 -0.515097 -0.152732 102 123 -0.516228 -0.125053 187 134
hook plego 3 -0.498581 -0.137453 110 128 -0.443039 -0.123108 165 153
hook plego 3 -0.600224 -0.315406 50 100 -0.432725 -0.296133 164 151
hook plego 3 -0.477246 -0.286206 46 134 -0.298619 -0.251022 164 171
hook plego 3 -0.48279 -0.136735 108 131 -0.41644 -0.105869 169 152
