hook bball 3 -0.541718 -0.185883 92 115 -0.496851 -0.157635 100 127
hook bball 3 -0.480219 -0.158419 99 133 -0.374668 -0.106476 116 168
hook bball 3 -0.539608 -0.017288 154 118 -0.451108 -0.0333233 149 140
hook bball 3 -0.46154 -0.0342322 147 138 -0.414466 -0.0999398 120 152
hook bball 3 -0.596113 0.260632 243 102 -0.702802 -0.232176 89 79
hook bball 3 -0.598916 0.216154 229 104 -0.537031 0.21319 236 117
hook bball 3 -0.524723 0.217894 237 120 -0.480886 0.2055 237 134
hook bball 3 -0.592976 -0.108207 123 103 -0.457461 -0.126603 111 139
hook bball 3 -0.561325 -0.148507 107 111 -0.48196 -0.148265 104 130
hook bball 3 -0.485424 -0.143287 106 130 -0.399933 -0.125736 108 154
