hook plego 2 -0.544508 -0.0382501 147 115 -0.550346 -0.00481007 157 114
hook plego 2 -0.534726 -0.00244664 160 118 -0.56691 0.0756062 186 110
hook plego 2 -0.549107 0.0690344 185 114 -0.524556 0.0673215 185 120
hook plego 2 -0.543489 0.0815925 189 115 -0.543171 0.224936 237 116
hook plego 2 -0.60189 -0.245744 75 100 -0.525767 -0.11002 121 118
hook plego 2 -0.521141 -0.109994 119 121 -0.508021 0.0191334 167 124
hook plego 2 -0.489221 0.0402865 176 129 -0.565414 0.079287 186 110
hook plego 2 -0.542867 -0.0106354 157 115 -0.579568 0.0440937 176 107
hook plego 2 -0.571449 0.0596989 180 109 -0.522129 0.0841826 193 122
hook plego 2 -0.521329 0.088487 193 122 -0.584943 0.262292 245 106
