rake bball 3 -0.606903 0.171505 216 102 -0.553191 0.195785 227 112
rake bball 3 -0.685348 -0.106729 127 87 -0.549706 -0.108982 123 116
rake bball 3 -0.674951 0.0692217 180 90 -0.57228 0.0884517 191 109
rake bball 3 -0.662763 0.0908482 187 92 -0.623893 0.22025 231 100
rake bball 3 -0.618247 0.229235 232 100 -0.572459 0.214835 232 111
rake bball 3 -0.660895 -0.000904476 159 90 -0.574309 -0.0837006 133 106
rake bball 3 -0.621427 -0.264835 70 97 -0.608587 -0.143263 111 100
rake bball 3 -0.656344 -0.0205706 154 91 -0.577096 -0.0074779 159 107
rake bball 3 -0.56582 0.100671 194 110 -0.480834 -0.00144355 163 132
rake bball 3 -0.669024 -0.13646 116 87 -0.554658 -0.143808 109 113
