rake ycup 2 -0.56168 -0.0793981 133 110 -0.570965 -0.0402656 147 108
rake ycup 2 -0.563334 -0.0172878 155 110 -0.561651 0.0470909 177 111
rake ycup 2 -0.538351 0.0644823 184 117 -0.553481 0.160312 216 114
rake ycup 2 -0.541486 0.143555 211 117 -0.648231 0.139379 204 94
rake ycup 2 -0.549756 -0.0398784 147 113 -0.617198 -0.029034 151 98
rake ycup 2 -0.596208 -0.00512227 159 103 -0.571463 0.0706554 185 109
rake ycup 2 -0.620993 -0.130516 117 96 -0.577505 -0.156646 106 105
rake ycup 2 -0.591362 0.0155529 166 104 -0.549846 0.249546 246 116
rake ycup 2 -0.534247 -0.0459037 145 117 -0.359834 0.260577 274 172
rake ycup 2 -0.611243 -0.0115465 157 100 -0.643581 0.185069 218 95
