stick wball 1 -0.585558 -0.0619784 139 105 -0.5403 -0.181158 93 117
stick wball 1 -0.612865 -0.0668057 138 100 -0.607675 -0.195665 92 99
stick wball 1 -0.361915 0.0955339 203 172 -0.595047 -0.0781227 133 103
stick wball 1 -0.586209 -0.0755681 135 105 -0.569428 -0.181528 102 99
stick wball 1 -0.507047 -0.0524971 140 127 -0.529922 -0.184815 94 120
stick wball 1 -0.281857 -0.0715313 130 206 -0.611493 -0.17751 102 97
stick wball 1 -0.634574 0.191736 220 97 -0.711615 0.109127 193 82
stick wball 1 -0.622771 0.0767036 185 98 -0.737152 -0.0505301 146 76
stick wball 1 -0.553606 -0.0112246 157 113 -0.656923 -0.125375 120 90
stick wball 1 -0.513397 -0.0516744 239 7 -0.531889 -0.246827 68 119
