hook bball 4 -0.492666 -0.00629593 167 123 -0.691911 -0.0270162 150 84
hook bball 4 -0.58096 -0.167325 98 106 -0.673981 -0.0777105 134 86
hook bball 4 -0.492378 0.0832283 194 132 -0.731473 -0.0319888 148 78
hook bball 4 -0.538881 -0.229852 77 110 -0.664518 -0.172219 105 89
hook bball 4 -0.57639 0.173512 216 114 -0.780833 0.0727862 179 70
hook bball 4 -0.580459 0.0169908 166 103 -0.730109 0.00693971 160 77
hook bball 4 -0.528216 -0.260535 57 118 -0.659197 -0.208562 90 87
hook bball 4 -0.577058 -0.0527915 145 109 -0.717503 -0.0459776 145 79
hook bball 4 -0.499967 0.0972294 194 123 -0.654882 0.0317003 169 91
hook bball 4 -0.483508 0.0286798 171 134 -0.590505 -0.00636896 159 104
