hook wball 4 -0.516151 -0.0875713 128 121 -0.628415 -0.168023 104 94
hook wball 4 -0.628589 -0.165114 105 94 -0.773536 -0.223877 93 67
hook wball 4 -0.647674 0.0985263 190 93 -0.814344 0.0505786 172 65
hook wball 4 -0.574728 0.248589 242 110 -0.77643 0.357857 253 73
hook wball 4 -0.283812 0.335711 319 201 -0.711835 0.105416 190 82
hook wball 4 -0.500723 -0.102002 122 125 -0.613812 -0.176407 100 97
hook wball 4 -0.626874 -0.18123 99 94 -0.768127 -0.212955 96 68
hook wball 4 -0.572396 -0.101086 125 107 -0.620928 -0.155333 108 96
hook wball 4 -0.644914 -0.164605 106 91 -0.78691 -0.219517 95 65
hook wball 4 -0.55217 -0.0855363 131 110 -0.684861 -0.0247595 150 85
