rake ylego 4 -0.564876 0.0243403 169 113 -0.632502 -0.0670246 138 94
rake ylego 4 -0.560759 -0.118644 117 109 -0.690266 -0.161469 107 85
rake ylego 4 -0.615032 -0.0028643 155 103 -0.725447 -0.0347178 147 78
rake ylego 4 -0.53223 0.157346 219 116 -0.674736 0.105697 189 86
rake ylego 4 -0.526712 -0.16152 127 120 -0.610987 -0.183249 99 97
rake ylego 4 -0.607612 -0.181421 97 100 -0.717726 -0.207136 93 78
rake ylego 4 -0.532366 0.140435 208 115 -0.633781 0.0943465 188 94
rake ylego 4 -0.662811 0.104412 190 90 -0.791551 0.113548 192 70
rake ylego 4 -0.532775 -0.194257 85 120 -0.625573 -0.234706 82 93
rake ylego 4 -0.577737 0.0562299 289 27 -0.751467 0.0136991 162 74
