desc sycup 134.121 112.584 35.4867 28.6523 -28.8108 134 132 0.307971 58.5145 255 3.07971 0 0 0 0 0 0 0 0 0 0 0 0.307971 0.293 1 0.807407 0.0638706 0.616077 0.864498 35.4867 134.5 103.5 0.1945 0.860894 0.588235 0.0444862 0.56023 0.858088 34 118.5 111.5 0.1985 0.953701 0.625 0.0568082 0.57211 0.930469 32 
desc sycup 97.3243 69.4459 25.4818 35.5102 -9.46232 98.5 87 4.08 149.94 255 7.65 0 0 0 0 0 0 0 0 0 0 0 0 0.251333 1 0.717593 0.0712426 0.658868 0.833274 35.5102 88.5 56.5 0.168833 0.932465 0.666667 0.0576918 0.641228 0.844167 30 94 71.5 0.147833 0.928632 0.740741 0.0561543 0.601811 0.821296 27 
desc sycup 224.033 86.1394 35.3995 30.1484 -84.8056 225 105 0 142.995 255 0.442708 0 0 0 0 0 0 0 0 0 0 0 0 0.279833 1 0.851662 0.0715517 0.698513 0.78661 35.3995 218 72.5 0.191667 0.899518 0.606061 0.0528725 0.598514 0.871212 33 215 89.5 0.164667 0.918377 0.645161 0.0511398 0.52856 0.796774 31 
desc sycup 193.153 99.1192 28.147 32.626 -75.2564 193 117 0 125.332 255 0.867347 0 0 0 0 0 0 0 0 0 0 0 0 0.25 1 0.862714 0.0639926 0.611172 0.816705 32.626 179 92.5 0.158667 0.909215 0.62069 0.0509807 0.579971 0.911877 29 194 95.5 0.166167 0.930673 0.580645 0.0531234 0.543655 0.893369 31 
desc sycup 119.236 83.2686 26.1684 36.0146 -7.59464 120 103 0.894737 145.395 255 4.47368 0 0 0 0 0 0 0 0 0 0 0 0 0.279 1 0.726606 0.0705704 0.656572 0.888115 36.0146 110 69.5 0.168333 0.939108 0.689655 0.05782 0.619375 0.87069 29 113 86.5 0.179667 0.973628 0.689655 0.0608164 0.619906 0.92931 29 
desc sycup 189 80.5 28 33 0 189.5 98 3.10219 255 227.701 1.86131 0 0 0 0 0 0 0 0 0 0 0 0 0.238333 1 0.848485 0.0725675 0.695971 0.77381 33 185 68.5 0.133667 0.975166 0.62069 0.0575746 0.504995 0.768199 29 183 83.5 0.152167 0.985526 0.62069 0.0646326 0.615583 0.874521 29 
desc sycup 47.8597 111.055 33.8282 44.245 -42.1376 47.5 133 4.27374 172.374 255 8.90363 0.356145 0 0 0 0 0 0 0 0 0 0 0 0.3825 1 0.764565 0.0712541 0.633784 0.766674 44.245 33.5 99.5 0.209167 0.939377 0.75 0.0565328 0.573568 0.817057 32 47 112.5 0.249333 0.860069 0.615385 0.0475694 0.557074 0.799145 39 
desc sycup 172.526 86.933 35.131 27.1097 -23.9625 173.5 107 0.427136 105.075 255 0 0 0 0 0 0 0 0 0 0 0 0 0 0.247667 1 0.771676 0.0659901 0.63628 0.780141 35.131 178 79.5 0.146667 0.882033 0.740741 0.0474616 0.553528 0.814815 27 158.5 85.5 0.171167 0.817304 0.625 0.0404512 0.534021 0.802344 32 
desc sycup 105.648 119.877 32.1373 41.8681 -39.8056 105 142 0.622711 116.447 255 2.17949 0 0 0 0 0 0 0 0 0 0 0 0 0.382333 1 0.767584 0.0716398 0.68659 0.852455 41.8681 91.5 108 0.229167 0.866771 0.638889 0.0481455 0.591024 0.830314 36 106 122 0.223167 0.979774 0.69697 0.0628464 0.646804 0.882082 33 
desc sycup 166.522 84.8734 36.153 28.7425 -80.1342 169 105 2.66551 138.606 255 0.444251 0 0 0 0 0 0 0 0 0 0 0 0.444251 0.276833 1 0.795024 0.0711283 0.710768 0.799229 36.153 162.5 71.5 0.180833 0.906421 0.625 0.0528088 0.584545 0.847656 32 160 88.5 0.159833 0.918226 0.645161 0.0487135 0.497383 0.773387 31 
desc pear 156.438 116.892 28.329 28.6798 -74.7449 158 133 0 0 0 255 129.2 0 0 0 0 0 0 0 0 0 0 0 0.231167 1 0.987768 0.071122 0.661278 0.853571 28.6798 142.5 110.5 0.142333 0.890997 0.5 0.0452768 0.481142 0.833984 32 156.5 113.5 0.156667 0.950153 0.5 0.0512125 0.44068 0.917969 32 
desc pear 135.726 74.615 34.5818 24.9477 -14.6209 137.5 90 0 0.685484 9.59677 255 211.815 0.685484 0 0 0 0 0 0 0 0 0 0 0.212667 1 0.721411 0.0687141 0.57394 0.739507 34.5818 140.5 68 0.124333 0.889669 0.678571 0.043022 0.443098 0.701128 28 120 71 0.150667 0.961326 0.655172 0.0602321 0.58836 0.820327 29 
desc pear 72.0308 119.246 38.9469 29.0241 -7.12502 72 136 0 0.391705 7.05069 255 115.945 2.74194 0 0 0 0 0 0 0 0 0 0 0.293333 1 0.745223 0.0705047 0.622738 0.778485 38.9469 74 114 0.171833 0.881103 0.636364 0.0450155 0.494873 0.743867 33 55 114 0.202833 0.956772 0.636364 0.0584394 0.592288 0.878066 33 
desc pear 209.94 86.4247 26.7278 33.1294 -52.5946 208.5 102 0 0 0 255 211.735 0 0 0 0 0 0 0 0 0 0 0 0.215333 1 0.80677 0.0687638 0.588046 0.729551 33.1294 192.5 77 0.133833 0.910342 0.633333 0.0460688 0.426425 0.704386 30 209 85 0.1515 0.945047 0.612903 0.0554598 0.540068 0.771647 31 
desc pear 156.5 71.5 23 33 -0 157 89 0 0.584862 2.33945 255 94.1628 0 0 0 0 0 0 0 0 0 0 0 0.187167 1 0.69697 0.0699186 0.596182 0.739789 33 148 57.5 0.130333 0.897472 0.666667 0.051121 0.590207 0.804527 27 149.5 71.5 0.1135 0.910362 0.692308 0.048209 0.492087 0.727564 26 
desc pear 106.43 121.706 29.2404 28.5033 -79.3803 107.5 138 0 0 0.490385 255 130.933 0 0 0 0 0 0 0 0 0 0 0 0.233833 1 0.97479 0.074707 0.807995 0.841683 29.2404 101 111 0.160833 0.938791 0.515152 0.0523092 0.502231 0.860071 33 98 123 0.155667 0.970684 0.515152 0.0568588 0.514193 0.832442 33 
desc pear 223.859 87.0524 26.437 28.0593 -57.2648 226 100 0 0 2.83333 255 189.833 6.375 0 0 0 0 0 0 0 0 0 0 0.192167 1 0.942184 0.0714382 0.615029 0.777158 28.0593 210 78.5 0.136833 0.918902 0.516129 0.0510203 0.50426 0.827621 31 224 85.5 0.1245 0.850958 0.516129 0.0394068 0.405662 0.753024 31 
desc pear 67.382 101.011 41.7639 27.5599 -32.0054 69.5 121 0 0.400943 3.60849 255 115.472 1.60377 0 0 0 0 0 0 0 0 0 0 0.292667 1 0.659899 0.0688381 0.579628 0.762808 41.7639 69 91 0.197667 0.924467 0.69697 0.0543794 0.553844 0.781291 33 53.5 100 0.160833 0.89507 0.71875 0.043754 0.459256 0.655571 32 
desc pear 164.185 85.2977 24.5685 28.9768 -36.2538 163 101 0 0 0 255 161.016 2.76423 0 0 0 0 0 0 0 0 0 0 0.179 1 0.847866 0.0715827 0.730254 0.754302 28.9768 151 75.5 0.121667 0.937599 0.551724 0.0513807 0.455359 0.786638 29 159.5 85.5 0.123667 0.937652 0.533333 0.0522253 0.48983 0.772917 30 
desc pear 85.0949 82.6144 37.2149 25.9999 -25.641 87 100 0 0 8.62319 255 212.5 1.84783 0 0 0 0 0 0 0 0 0 0 0.23 1 0.698643 0.0663895 0.54126 0.713117 37.2149 90 76 0.135 0.868752 0.724138 0.0398838 0.404377 0.665025 29 69 81 0.168667 0.90049 0.677419 0.0518686 0.593525 0.777266 31 
desc orange 137.94 88.08 26.163 27.86 -8.1301 138.5 103 255 194.764 11.378 0 0 0 0 0 0 0 0 0 0 0 0 0.669291 0.205167 1 0.939086 0.0746834 0.816259 0.844423 27.86 129 76.5 0.138 0.955518 0.516129 0.0537058 0.503452 0.834677 31 131 89.5 0.134833 0.931875 0.516129 0.050823 0.488933 0.815524 31 
desc orange 195.679 89.3483 28.4215 25.6028 -40.2364 196 104 255 191.25 11.7092 0 0 0 0 0 0 0 0 0 0 0 0 0 0.208333 1 0.900826 0.074588 0.813575 0.858907 28.4215 193 80.5 0.140833 0.947798 0.516129 0.0530846 0.486625 0.851815 31 181 88.5 0.1345 0.947844 0.516129 0.0524638 0.490904 0.813508 31 
desc orange 73.4422 146.576 37.5615 31.9768 -7.76517 74 165 0 23.4324 255 198.027 40.4324 5.97297 3.67568 3.21622 0 0 0 0 0 0 0 0 0.343333 1 0.851319 0.0742051 0.779931 0.857551 37.5615 76 141 0.216833 0.951212 0.567568 0.0548821 0.515993 0.837194 37 56 142 0.222167 0.94581 0.567568 0.0542215 0.5348 0.857786 37 
desc orange 80 78.5 30 25 0 81 92 30.6557 255 13.0055 5.57377 0.928962 0.464481 0 0 0 0 0 0 0 0 0 0 0.194667 0.989179 0.833333 0.0676668 0.67395 0.778667 30 82 73 0.136167 0.907501 0.586207 0.0511624 0.500267 0.8286 29 65 73 0.137667 0.898526 0.586207 0.0510544 0.534119 0.837728 29 
desc orange 215.146 96.6829 29.0483 28.736 -38.6598 215.5 113 63.864 255 20.0716 3.1932 1.36852 0 0 0 0 0 0 0 0 0 0 0 0.224167 1 0.989247 0.07532 0.850485 0.805648 29.0483 212.5 88 0.143833 0.92315 0.5 0.0486439 0.44798 0.74654 34 202 95 0.158833 0.976901 0.515152 0.0587728 0.51335 0.849376 33 
desc orange 224.172 118.749 30.4076 30.039 -10.6197 224.5 136 78.9677 255 17.2742 4.52419 2.87903 0.41129 0 0 0 0 0 0 0 0 0 0 0.257333 1 0.987879 0.074807 0.824327 0.84518 30.4076 225.5 113 0.163 0.954086 0.5 0.0532828 0.481044 0.846021 34 210 114 0.168 0.95519 0.485714 0.0539796 0.492494 0.847059 35 
desc orange 150.94 91.92 28.4 27.8 -36.8699 151.5 107 67.3679 255 25.4501 4.49119 1.99609 0 0.499022 0 0 0 0 0 0 0 0 0 0.209167 1 0.978873 0.074997 0.82218 0.794787 28.4 148.5 83.5 0.1485 0.930387 0.5 0.0507438 0.475682 0.870117 32 137 90.5 0.141833 0.924493 0.484848 0.0484657 0.462139 0.805871 33 
desc orange 206.962 108.692 28.8291 31.5747 -78.6901 208 125 76.5437 255 14.8714 6.1235 1.74957 0.437393 0.874786 0 0 0 0 0 0 0 0 0 0.2385 1 0.913043 0.0746816 0.83286 0.786031 31.5747 190.5 103.5 0.156667 0.897631 0.529412 0.0462849 0.481062 0.767974 34 207.5 103.5 0.162 0.908769 0.529412 0.0494741 0.500664 0.794118 34 
desc orange 82 90.5 32 27 0 82.5 105 64.7409 255 11.4508 2.64249 0.880829 0 0 0 0 0 0 0 0 0 0 0.440415 0.229667 1 0.84375 0.0745528 0.770669 0.797454 32 83 85.5 0.149667 0.886224 0.580645 0.0479478 0.527784 0.804659 31 67 84.5 0.1605 0.952685 0.580645 0.0572627 0.569187 0.862903 31 
desc orange 205.004 78.5451 27.2513 26.2554 -5.19443 205.5 93 255 141.259 7.33813 0 0.611511 0 0 0 0 0 0 0 0 0 0 0.611511 0.195667 1 0.963455 0.0752104 0.821732 0.820415 27.2513 205 73.5 0.1385 0.936535 0.551724 0.0531883 0.540849 0.895474 29 191 73.5 0.135 0.911817 0.551724 0.0506101 0.532682 0.872845 29 
desc ocup 109.914 78.7047 36.8877 34.2643 -7.35238 109.5 98 202.831 255 52.1693 6.2963 2.24868 0.449735 0.449735 0 0 0 0.449735 0 0 0 0 0 0.343333 1 0.928881 0.0675137 0.645882 0.814916 36.8877 110 73.5 0.203333 0.92281 0.571429 0.0509157 0.530021 0.871429 35 91 74.5 0.224 0.900727 0.512821 0.0467125 0.462325 0.861538 39 
desc ocup 166.609 98.6147 42.7199 37.1211 -57.5288 166.5 122 255 91.1943 123.198 0.688259 0 0 0 0 0 0 0 0 0 0 0 0 0.417833 1 0.868941 0.0728789 0.754049 0.790447 42.7199 167 86 0.233 0.931887 0.589744 0.0530669 0.52704 0.779264 39 153.5 102 0.266 0.870323 0.547619 0.0480196 0.528251 0.826087 42 
desc ocup 103.677 94.6301 37.7044 45.007 -57.8043 103 120 203.446 255 33.9077 1.38399 0.691995 0 0 0 0 0 0 0 0 0 0 0 0.445 1 0.837744 0.070409 0.696011 0.7867 45.007 84 85 0.248833 0.917502 0.641026 0.0516819 0.506738 0.765641 39 105 95 0.294667 0.901202 0.609756 0.0513123 0.555418 0.862439 41 
desc ocup 182.821 86.8638 41.1697 32.0624 -86.4237 183 109 255 214.839 120 0 0 0 0 0 0 0 0 0 0 0 0 0 0.380333 1 0.778788 0.0726371 0.717721 0.864394 41.1697 178 73 0.218 0.916909 0.69697 0.0541075 0.610816 0.86166 33 175.5 91 0.237833 0.948842 0.676471 0.0592915 0.648796 0.912404 34 
desc ocup 115.827 76.5838 36.1935 40.1833 -4.08562 116 98 255 118.763 23.9467 1.29442 0.323604 0 0 0 0 0 0 0 0 0 0 0 0.3865 1 0.900709 0.0726379 0.748021 0.797249 40.1833 107.5 62.5 0.249167 0.928727 0.55 0.0561741 0.552069 0.849432 40 113 81.5 0.205333 0.851919 0.628571 0.0439222 0.575081 0.8 35 
desc ocup 85.1882 85.0529 35.8173 37.9648 -85.6013 86.5 103 138.209 255 17.7362 0 0 0 0 0 0 0 0 0 0 0 0 0 0.39 1 0.943434 0.0677321 0.624374 0.860424 37.9648 69 79 0.238333 0.91828 0.538462 0.0506869 0.528681 0.873016 39 90.5 81 0.225833 0.946601 0.583333 0.0536407 0.534145 0.896164 36 
desc ocup 205.764 93.6412 36.1092 39.0999 -61.8214 205.5 119 212.99 255 55.453 3.36079 0 0 0 0 0 0 0 0 0 0 0 0.840198 0.378167 1 0.92351 0.0671965 0.666563 0.803546 39.0999 188.5 84.5 0.225 0.913409 0.611111 0.0509398 0.55297 0.852273 36 204 92.5 0.255333 0.933781 0.536585 0.0528184 0.500605 0.849224 41 
desc ocup 245.21 71.03 38.4666 35.7796 -81.8699 246 91 255 145.433 48.0835 3.15301 1.18238 0 0 0 0 0 0 0 0 0 0 0 0.3525 1 0.930147 0.0739593 0.769373 0.768353 38.4666 243.5 61 0.2335 0.905872 0.5 0.0462926 0.457229 0.794218 42 229.5 69 0.2135 0.850517 0.5 0.0386875 0.427054 0.72619 42 
desc ocup 64.3294 97.7824 42.6268 39.0475 -49.3987 65 121 106.869 255 14.8643 6.40704 3.58794 1.02513 1.02513 0 0 0 0 0 0 0 0 0 0.482333 1 0.916031 0.0712165 0.697771 0.869345 42.6268 64.5 85 0.286833 0.938794 0.547619 0.0540436 0.526903 0.890787 42 50.5 101 0.2785 0.913171 0.575 0.0508488 0.521167 0.908152 40 
desc ocup 162.512 82.5125 39.8276 33.3103 -43.6028 162.5 102 162.435 255 102.801 7.56545 0.445026 0.890052 0.445026 0.445026 0 0 0 0 0 0 0 0.445026 0.374 1 0.836364 0.0711781 0.711884 0.845726 39.8276 162 71.5 0.232667 0.881636 0.594595 0.048405 0.559086 0.857494 37 147 83.5 0.2205 0.872444 0.628571 0.0492956 0.597103 0.859091 35 
desc ycup 163.147 80.3035 38.9999 36.501 -67.249 165 105 0 0.9375 255 8.0625 0 0 0 0 0 0 0 0 0 0 0 0 0.416333 1 0.935927 0.0657167 0.614715 0.877392 38.9999 160 67 0.255667 0.887726 0.512195 0.0447547 0.501515 0.890825 41 153 84 0.264333 0.96343 0.512195 0.0534547 0.466072 0.921022 41 
desc ycup 109.034 114.87 50.6447 46.9347 -18.8861 108 140 0 3.07229 255 14.1592 0.400733 0 0.133578 0 0 0 0 0 0.133578 0 0 0 0.6205 1 0.926745 0.0695667 0.679046 0.783132 50.6447 112 107 0.3555 0.84901 0.574468 0.0429946 0.512394 0.840426 47 87 113 0.376667 0.831554 0.529412 0.0406585 0.466559 0.820625 51 
desc ycup 223.863 82.0675 41.9762 32.0182 -77.6192 225 107 1.65719 6.42161 255 12.2218 1.65719 0 0 0 0 0 0 0 0 0 0 0.414297 0.385333 1 0.76277 0.0611769 0.546194 0.860119 41.9762 219 68 0.226 0.92314 0.621622 0.046861 0.467393 0.79671 37 214 87 0.264667 0.969091 0.621622 0.0560972 0.526475 0.93302 37 
desc ycup 197.5 77.5 37 43 0 198.5 101 0 2.78384 255 15.7751 0.742358 0 0 0 0 0 0 0 0 0 0 0 0.454833 1 0.860465 0.072083 0.748859 0.857637 43 194.5 63 0.239667 0.977397 0.638889 0.0636489 0.611125 0.868357 36 191.5 82 0.256167 0.978612 0.605263 0.0629083 0.590086 0.879291 38 
desc ycup 93.8269 93.3654 47.0679 47.264 -78.6901 94.5 119 0.146132 4.67622 255 20.3123 0.584527 0 0 0 0 0 0 0 0 0 0 0 0.590167 1 0.99585 0.0742482 0.785074 0.795868 47.264 74.5 87.5 0.383333 0.903036 0.5 0.0477098 0.495574 0.850592 52 95.5 89.5 0.344333 0.934047 0.5 0.0497592 0.454289 0.764053 52 
desc ycup 75.1919 88.6576 46.9155 42.4172 -50.5993 77.5 116 0 4.47368 255 22.5175 1.04386 0.447368 0 0 0 0 0 0 0 0 0 0 0.554167 1 0.904118 0.0691341 0.668361 0.835418 46.9155 76 76 0.353833 0.940337 0.531915 0.0549306 0.527564 0.903404 47 62 92 0.328833 0.932335 0.555556 0.0541192 0.570805 0.876889 45 
desc ycup 143.704 94.453 33.8186 43.2897 -6.63251 144.5 116 0.189873 4.36709 255 7.97468 2.08861 0 0 0 0 0 0 0 0 0 0 0.379747 0.425333 1 0.781217 0.0615181 0.589072 0.871585 43.2897 135 79.5 0.267833 0.939599 0.615385 0.051249 0.494936 0.85844 39 138 99.5 0.269 0.885978 0.615385 0.0463568 0.509322 0.862179 39 
desc ycup 155.366 89.6577 45.9261 42.7548 -83.4181 156 115 0 1.21646 255 6.08229 0 0 0 0 0 0 0 0 0 0 0 0 0.529167 1 0.930948 0.0739404 0.760379 0.808481 45.9261 151 74 0.303167 0.856833 0.531915 0.0420007 0.453861 0.774043 47 146.5 95 0.342167 0.952332 0.520833 0.0550709 0.498162 0.855417 48 
desc ycup 91.3687 90.3107 48.2281 44.9069 -10.7843 90.5 115 0.14672 6.4557 255 8.36306 1.4672 0 0 0 0 0 0 0 0 0 0 0 0.5745 1 0.931135 0.0733307 0.768022 0.795788 48.2281 94.5 84.5 0.366167 0.955122 0.52 0.0538168 0.511792 0.845 50 69.5 85.5 0.323833 0.924098 0.52 0.0469548 0.450453 0.747308 50 
desc ycup 99.0428 98.2225 42.9061 47.2118 -10.8855 99 125 0 4.173 255 23.1005 1.93746 0 0 0 0 0 0 0 0 0 0 0 0.583833 1 0.9088 0.0730331 0.737038 0.864649 47.2118 88.5 82.5 0.332667 0.918593 0.590909 0.0533521 0.563167 0.872378 44 92.5 104.5 0.365 0.901223 0.541667 0.0508326 0.557102 0.877404 48 
desc lemon 102.402 96.378 25.144 21.3958 -38.6598 103.5 109 0 47.2932 255 9.58647 0.639098 0 0 0 0 0 0 0 0 0 0 0 0.142667 1 0.850932 0.0745563 0.781856 0.795575 25.144 100.5 88.5 0.0988333 0.955106 0.538462 0.0553154 0.523301 0.81456 26 89.5 95.5 0.0918333 0.953727 0.538462 0.0518828 0.471671 0.756868 26 
desc lemon 177.214 92.9345 20.9275 24.9967 -85.2364 178 104 0 96.4865 255 1.53153 0 0 0 0 0 0 0 0 0 0 0 0 0.1355 1 0.837209 0.0743912 0.728192 0.777072 24.9967 163 87.5 0.0988333 0.938682 0.56 0.0553154 0.527959 0.847143 25 176 87.5 0.0888333 0.939045 0.56 0.0530605 0.50849 0.761429 25 
desc lemon 222.758 77.6885 20.1723 22.7158 -37.875 224 89 1.69435 84.7176 255 3.3887 0 0 0 0 0 0 0 0 0 0 0 1.69435 0.121833 1 0.888031 0.0746332 0.807351 0.797633 22.7158 211 69 0.0853333 0.932708 0.52 0.0513208 0.464809 0.787692 25 218 76 0.0888333 0.972937 0.52 0.0569873 0.492062 0.82 25 
desc lemon 63.8356 145.265 31.8681 26.625 -34.992 65 161 1.65584 48.8474 255 11.5909 1.65584 0 0 0 0 0 0 0 0 0 0.413961 1.24188 0.2295 1 0.835476 0.0740324 0.716676 0.811441 31.8681 61.5 136.5 0.154 0.898855 0.5625 0.048988 0.528595 0.802083 32 49.5 143.5 0.1475 0.893782 0.5625 0.0474916 0.509826 0.768229 32 
desc lemon 90.8982 76.9734 20.4136 23.3299 -48.8141 91.5 89 1.68874 81.0596 255 16.8874 0 0 0 0 0 0 0 0 0 0 0 0 0.126167 1 0.875 0.0745695 0.75086 0.794754 23.3299 80 68.5 0.091 0.974408 0.608696 0.0593904 0.552514 0.847826 23 87 75.5 0.0886667 0.969724 0.608696 0.0599205 0.585275 0.826087 23 
desc lemon 174.429 84.0619 22.5773 20.0374 -41.1859 175 97 0 47.5424 255 0.720339 0 0 0 0 0 0 0 0 0 0 0 0 0.123167 1 0.8875 0.0747318 0.759364 0.816774 22.5773 171 76 0.0816667 0.930851 0.52 0.0507865 0.458716 0.753846 25 164 82 0.0835 0.977284 0.565217 0.0589029 0.542667 0.837793 23 
desc lemon 109.75 75.75 21.2132 23.3345 -45 111.5 86 0.763473 71.003 255 10.6886 0 0 0 0 0 0 0 0 0 0 0 0 0.128 1 0.909091 0.0718204 0.663702 0.775757 23.3345 97.5 69 0.0885 0.970645 0.5 0.0554226 0.447528 0.785503 26 108.5 74.5 0.0945 0.976649 0.583333 0.0572263 0.488153 0.84375 24 
desc lemon 52.5115 138.342 32.3634 27.715 -52.125 52.5 154 0 39.0142 255 13.2729 2.01104 0.402208 0 0 0 0 0 0 0 0 0 0 0.2335 1 0.856369 0.0745723 0.704719 0.780977 32.3634 50.5 128.5 0.137 0.886672 0.5625 0.0457619 0.479827 0.713542 32 39.5 138.5 0.1555 0.955852 0.5625 0.0558964 0.533398 0.809896 32 
desc lemon 168.414 81.0533 24.5352 19.1936 -5.19443 169 92 0 87.4286 255 5.66667 0 0 0 0 0 0 0 0 0 0 0 0 0.126 1 0.782288 0.074163 0.707754 0.802688 24.5352 168.5 75.5 0.089 0.945856 0.636364 0.0561285 0.565505 0.866883 22 154 76.5 0.083 0.932941 0.608696 0.0528694 0.528916 0.773292 23 
desc lemon 219.029 78.8824 22.5558 19.8879 -75.9638 219.5 91 0.809524 69.619 255 8.09524 0 0 0 0 0 0 0 0 0 0 0 0 0.121 1 0.88172 0.074562 0.771363 0.809205 22.5558 214 69 0.0831667 0.943165 0.565217 0.0533521 0.528234 0.834448 23 211 78 0.0808333 0.833701 0.565217 0.0401686 0.490787 0.811037 23 
desc yball 138.5 118.5 29 29 -0 139 134 0 0 150.655 255 41.6207 10.5517 0.586207 0 0 0 0 0 0 0 0 0 0.236667 1 1 0.0752132 0.821728 0.844233 29 132 115.5 0.131333 0.977623 0.516129 0.0565695 0.4874 0.794355 31 132 127.5 0.135 0.961457 0.516129 0.0543991 0.487524 0.816532 31 
desc yball 210.119 105.743 28.6168 27.7249 -41.9872 211.5 121 2.87162 0.574324 118.885 255 28.7162 1.72297 0.574324 0 0 0 0 0 0 0 0 2.2973 0.212667 1 0.968831 0.0749411 0.794314 0.804136 28.6168 208 96.5 0.144167 0.924852 0.484848 0.0514354 0.45612 0.819129 33 196.5 104.5 0.128333 0.883175 0.5 0.0439469 0.449473 0.751953 32 
desc yball 105.12 67.16 24.3284 25.2228 -10.3048 105.5 81 0 5.95 160.65 255 45.05 17 1.7 0 0 0 0 0 0 0 0 0 0.1655 1 0.964539 0.0746244 0.775532 0.809117 25.2228 95 57 0.120333 0.966751 0.517241 0.054408 0.47481 0.829885 29 98 67 0.118833 0.960073 0.517241 0.0551711 0.500871 0.81954 29 
desc yball 71 122.5 32 31 -0 71.5 139 0 0.813397 71.9856 255 31.7225 9.35407 0.406699 0 0 0 0 0 0 0 0 0 0.269333 1 0.96875 0.075119 0.796837 0.814516 32 72 117.5 0.176167 0.897155 0.514286 0.0486906 0.51416 0.838889 35 56 116.5 0.1825 0.893771 0.514286 0.0482465 0.52822 0.869048 35 
desc yball 147.5 136 31 30 0 148.5 153 0 0 134.88 255 46.3174 4.07186 0.508982 0 0 0 0 0 0 0 0 0 0.258667 1 0.967742 0.0752983 0.849326 0.834409 31 147 132 0.170833 0.92188 0.485714 0.0507142 0.498442 0.861345 35 132 130 0.165667 0.883918 0.485714 0.0463078 0.485333 0.835294 35 
desc yball 186.459 83.9647 24.2361 25.1565 -4.39871 187.5 98 0 0.770393 155.619 255 48.5347 2.31118 0 0 0 0 0 0 0 0 0 0 0.176167 1 0.963415 0.0747115 0.815908 0.866828 25.1565 179.5 74 0.119167 0.971763 0.535714 0.0569745 0.52673 0.85119 28 179 84 0.123167 0.972953 0.517241 0.057183 0.521712 0.849425 29 
desc yball 220.5 130 31 30 -0 221 147 0 0 127.748 255 24.2621 0.495146 0 0 0 0 0 0 0 0 0 0 0.251167 1 0.967742 0.0753681 0.815498 0.810215 31 220.5 126 0.155167 0.849004 0.5 0.0415542 0.468683 0.805363 34 206.5 124 0.165 0.92265 0.5 0.0503903 0.498385 0.856401 34 
desc yball 112.5 105.5 27.4577 30.2312 -56.3099 113 121 0 0 173.715 255 50.4756 9.17738 1.31105 0 0 0 0 0 0 0 0 0 0.221833 1 0.908257 0.0751005 0.830274 0.801733 30.2312 98.5 97 0.153667 0.960549 0.53125 0.055116 0.500696 0.847426 32 111.5 104 0.147333 0.957722 0.53125 0.0542248 0.48006 0.8125 32 
desc yball 168.556 87.692 26.9223 25.4912 -79.6952 169 103 0 4.75155 186.894 255 44.3478 7.91925 1.58385 0 0 0 0 0 0 0 0 0 0.186333 1 0.946844 0.0752112 0.818175 0.814536 26.9223 161.5 77 0.120667 0.885888 0.5 0.0436065 0.450679 0.804444 30 159.5 88 0.129833 0.951558 0.5 0.0521955 0.476512 0.865556 30 
desc yball 64.2115 114.558 32.7514 29.8096 -11.3099 65.5 131 0 4.24214 100.869 255 41.4787 10.3697 4.24214 0.471349 0 0 0 0 0 0 0 0 0.262167 1 0.91018 0.0751777 0.765568 0.805586 32.7514 65 108.5 0.178333 0.935184 0.514286 0.0519756 0.498597 0.849206 35 48 109.5 0.161167 0.927794 0.514286 0.0494615 0.472251 0.76746 35 
desc bball 81 97.5 24 19 -0 81.5 108 0 0 0 0 0 0 0 17.7577 255 4.97215 0 0 0 0 0 0 0.113833 0.994824 0.791667 0.0672116 0.630559 0.748904 24 80 93.5 0.0921667 0.927411 0.608696 0.0532756 0.52841 0.858696 23 66.5 92.5 0.0765 0.905383 0.636364 0.0467811 0.541129 0.74513 22 
desc bball 154.329 99.2824 22.1269 22.7777 -49.3987 154 111 0 0 0 0 0 0 0 21.1399 255 17.1762 0 0 0 0 0 0 0.134167 1 0.971429 0.0755934 0.804541 0.798611 22.7777 142 92 0.0923333 0.9061 0.481481 0.0476003 0.4554 0.789174 27 151 97 0.0848333 0.971387 0.52 0.0549716 0.469905 0.783077 25 
desc bball 189 80 20 20 -0 189.5 91 0 0 0 0 0 0 0 69.186 255 37.5581 0 0 0 0 0 0 0.109 1 1 0.0747283 0.819623 0.8175 20 183 76 0.0673333 0.987744 0.52381 0.0597543 0.520237 0.874459 21 183 84 0.065 0.985866 0.52381 0.0576836 0.502209 0.844156 21 
desc bball 140.663 88.8663 20.6968 21.9903 -84.2894 141.5 100 0 0 0 0 0 0 0 10.8665 255 27.5284 0 0 0 0 0 0 0.120333 1 0.941176 0.0750362 0.804559 0.793182 21.9903 128.5 83 0.0881667 0.931279 0.541667 0.052156 0.531596 0.847756 24 139 83 0.0831667 0.922628 0.565217 0.0508579 0.532201 0.834448 23 
desc bball 133.5 117.5 25 23 0 134 130 0 0 0 0 0 0 0 28.9236 255 20.0694 0 0 0 0 0 0 0.156167 1 0.92 0.0752099 0.816091 0.814783 25 134 114 0.0995 0.993057 0.652174 0.0638301 0.604123 0.865217 23 121 112.5 0.0908333 0.987918 0.608696 0.0618343 0.565815 0.846273 23 
desc bball 75.4554 103.054 23.9804 23.0849 -5.71059 76 116 0 0 0 0 0 0 0.582192 12.8082 255 33.1849 0 0 0 0 0 0 0.153167 1 0.962655 0.0750807 0.781141 0.830045 23.9804 74 97.5 0.102333 0.882504 0.518519 0.0453424 0.487141 0.812169 27 61.5 98.5 0.106 0.954708 0.538462 0.0553478 0.521199 0.873626 26 
desc bball 127 114 24 22 0 127.5 126 0 0 0 0 0 0 0 6.90745 255 24.7517 0 0 0 0 0 0 0.147 1 0.916667 0.073841 0.805604 0.835227 24 126.5 111 0.0868333 0.987043 0.541667 0.0591113 0.488499 0.834936 24 114.5 108 0.0911667 0.98836 0.541667 0.0599273 0.499606 0.876603 24 
desc bball 163.08 70.9083 16.0769 21.1539 -67.3801 162.5 82 0 0 0 0 0 0 0 6.49091 255 0.927273 0 0 0 0 0 0 0.0821667 0.988323 0.76 0.0649967 0.67565 0.724811 21.1539 150.5 65 0.0611667 0.89789 0.65 0.0476727 0.490485 0.705769 20 160 67 0.0653333 0.919529 0.684211 0.0527249 0.502627 0.793522 19 
desc bball 87.2923 98.6616 20.5898 25.055 -82.875 88 111 0 0 0 0 0 0 0 12.8141 255 32.0352 0 0 0 0 0 0 0.143667 1 0.821782 0.0739228 0.798818 0.835471 25.055 73.5 94 0.0953333 0.891008 0.625 0.0476714 0.52244 0.794444 24 86.5 93 0.0985 0.915612 0.625 0.0527158 0.524622 0.820833 24 
desc bball 218 106 22 22 -0 218 118 0 0 0 0 0 0 0 8.98374 255 44.9187 0 0 0 0 0 0 0.1325 1 1 0.0750181 0.788552 0.821281 22 216 101 0.095 0.966824 0.52 0.0571345 0.532622 0.876923 25 205 101 0.0938333 0.944956 0.52 0.054239 0.51422 0.866154 25 
desc wball 77.4878 95.3903 17.8899 17.8899 -6.34019 78 105 0 3.37748 5.06623 3.37748 8.44371 8.44371 21.9536 155.364 255 30.3974 5.06623 0 0 0 0 0 0.0865 1 1 0.0742758 0.704634 0.810814 17.8899 68 90.5 0.0651667 0.882378 0.521739 0.0437203 0.442697 0.708333 23 71.5 98.5 0.0685 0.95743 0.545455 0.0548431 0.496148 0.778409 22 
desc wball 99.5396 137.896 20.1993 19.0052 -5.71059 100 148 0 1.43258 0 2.86517 5.73034 14.3258 28.6517 199.129 255 12.8933 1.43258 0 1.43258 0 1.43258 0 0.107667 1 0.940887 0.074913 0.791143 0.841384 20.1993 97.5 132.5 0.0751667 0.926757 0.545455 0.0524707 0.536493 0.854167 22 88 132.5 0.0765 0.950233 0.571429 0.0547771 0.545415 0.910714 21 
desc wball 163.485 116.623 17.985 17.985 -82.875 163.5 127 11.087 0 0 1.58385 3.1677 1.58385 30.0932 150.466 255 12.6708 0 1.58385 0 0 0 0 0.0868333 1 1 0.0753138 0.841515 0.805351 17.985 151 111 0.0655 0.955659 0.52381 0.0553996 0.506072 0.850649 21 160.5 111 0.0613333 0.931845 0.5 0.0481787 0.441655 0.760331 22 
desc wball 187 83.5 15.6205 15.4925 -50.1944 187.5 92 2.17949 10.8974 10.8974 0 0 0 13.0769 183.077 255 10.8974 13.0769 0 2.17949 2.17949 0 0 0.0678333 1 0.991803 0.0749855 0.812569 0.840909 15.6205 181 75.5 0.0475 0.92641 0.526316 0.0481793 0.453638 0.75 19 176.5 80.5 0.0538333 0.968944 0.5 0.0563055 0.465924 0.8075 20 
desc wball 222 120 18 18 -0 222.5 130 1.65584 0 0 0 0 3.31169 28.1494 255 200.357 8.27922 0 0 1.65584 0 0 0 0.0885 1 1 0.0751845 0.822495 0.819444 18 216 116.5 0.0536667 0.986334 0.526316 0.0592173 0.512531 0.847368 19 216 123.5 0.0561667 0.996621 0.526316 0.0606064 0.5239 0.886842 19 
desc wball 206.146 74.1829 14.9927 15.4612 -38.6598 206.5 82 8.22581 2.74194 0 2.74194 10.9677 13.7097 43.871 230.323 255 2.74194 0 8.22581 8.22581 5.48387 0 2.74194 0.0626667 1 0.969697 0.074893 0.819587 0.811027 15.4612 195.5 66.5 0.0526667 0.963161 0.5 0.0538997 0.463628 0.79 20 200.5 71.5 0.0455 0.952468 0.5 0.0497419 0.40853 0.6825 20 
desc wball 54.7247 137.36 21.624 20.458 -32.0054 55 149 0 2.72727 2.72727 6.81818 8.18182 5.45455 24.5455 225 255 25.9091 6.81818 0 0 0 0 0 0.120167 1 0.946078 0.0749629 0.793884 0.814906 21.624 52 130 0.0778333 0.859426 0.52 0.039516 0.428389 0.718462 25 42 134 0.0873333 0.825145 0.52 0.039822 0.466527 0.806154 25 
desc wball 75.9918 88.4098 16.7728 18.6934 -50.1944 77 98 1.86131 1.86131 3.72263 9.30657 7.44526 3.72263 26.0584 187.993 255 18.6131 9.30657 0 0 1.86131 0 3.72263 0.0831667 1 0.89726 0.0744624 0.754273 0.795749 18.6934 65 81 0.0596667 0.965958 0.578947 0.0574911 0.541126 0.856459 19 72.5 85 0.056 0.937719 0.55 0.0502885 0.474412 0.763636 20 
desc wball 124.5 107 17.6777 17.6777 -45 125.5 117 1.52695 0 1.52695 1.52695 3.05389 10.6886 24.4311 143.533 255 0 1.52695 0 0 0 0 0 0.0833333 1 1 0.0751331 0.827714 0.8 17.6777 111.5 105.5 0.0598333 0.95658 0.545455 0.049792 0.423236 0.679924 22 123 107.5 0.0621667 0.888754 0.521739 0.0427605 0.423115 0.675725 23 
desc wball 231.5 106.5 17 17 -0 232 116 0 0 0 2.07317 4.14634 10.3659 24.878 242.561 255 12.439 4.14634 2.07317 2.07317 0 0 0 0.0806667 1 1 0.0746567 0.801159 0.83737 17 226 102.5 0.0473333 0.99167 0.588235 0.0612686 0.542743 0.835294 17 226 110 0.0453333 1 0.529412 0.0607526 0.502217 0.888889 17 
desc plego 146.554 89.8243 39.5138 19.7369 -23.4986 148 105 0 0 0 0 0 4.36312 15.0285 48.4791 255 3.87833 0 0 0 0 0 0 0.2095 1 0.499495 0.06391 0.481992 0.805892 39.5138 149 81.5 0.144167 0.930527 0.956522 0.0577675 0.608517 0.854743 23 131 87.5 0.134 0.893424 0.956522 0.0519807 0.596164 0.794466 23 
desc plego 160.554 96.6435 37.399 19.9364 -39.0939 158.5 115 0 0 0 0 0 0 0 4.87261 255 215.207 7.30892 0 0 0 0 0 0.184833 0.954542 0.533074 0.0511147 0.435366 0.743694 37.399 160.5 87 0.1155 0.833574 0.875 0.0440716 0.558191 0.6875 24 145 98 0.132167 0.773381 0.84 0.0353947 0.482616 0.755238 25 
desc plego 197.866 111.906 20.9723 39.1593 -55.008 195.5 131 0 0 0 0 0 0 0 44.1576 255 2.3869 0 0 0 0 0 0 0.229333 0.971918 0.535565 0.0556734 0.502087 0.837735 39.1593 182 100.5 0.153833 0.886494 0.88 0.04835 0.522518 0.839091 25 198.5 112.5 0.149833 0.881115 0.846154 0.0519577 0.583208 0.785839 26 
desc plego 115.25 116.25 22.6274 41.7193 -45 116.5 132 0 0 0 0 0 0 0 19.6424 255 1.05227 0 0 0 0 0 0 0.2395 0.95381 0.542373 0.0560814 0.478808 0.761123 41.7193 100.5 105 0.1585 0.891006 0.884615 0.0501685 0.562285 0.795151 26 116.5 118 0.153167 0.951018 0.884615 0.0623591 0.633786 0.768395 26 
desc plego 131.926 90.0935 38.7475 20.9705 -25.2011 132.5 108 0 0 0 0 0 0 0 20.7107 255 9.92386 0 0 0 0 0 0 0.200167 0.951508 0.541209 0.0530419 0.464077 0.739027 38.7475 134 82 0.125 0.871815 0.913043 0.0511805 0.57332 0.776398 23 116 89 0.133833 0.852853 0.84 0.045262 0.546327 0.764762 25 
desc plego 237.945 81.4157 19.9822 34.8957 -46.9749 236 98 0 0 0 0 0 0 0 50.6958 255 1.52087 0 0 0 0 0 0 0.179 0.966751 0.572626 0.057499 0.511102 0.770122 34.8957 223.5 70 0.124167 0.920268 0.791667 0.0521358 0.516828 0.816886 24 236 81 0.118333 0.874285 0.76 0.0507969 0.603475 0.747368 25 
desc plego 34.2248 113.917 39.3667 26.2444 -73.3008 32 134 0 0 0 0 0 0 1.77577 29.8329 255 6.0376 0.710306 0 0 0 0 0 0.256 0.960513 0.666667 0.0542084 0.499049 0.743353 39.3667 30 101 0.149667 0.920972 0.939623 0.0536813 0.505504 0.741699 25.3824 24.5 117.5 0.176 0.868219 0.733333 0.0433 0.49429 0.8 30 
desc plego 179.25 90.0951 20.4697 39.8715 -69.1455 181.5 105 0 0 0 0 0 0 0 57.179 255 3.22785 0 0 0 0 0 0 0.197667 0.945291 0.513393 0.0497034 0.431601 0.726575 39.8715 161.5 83 0.131667 0.826607 0.875 0.0439804 0.591096 0.78373 24 181.5 88.5 0.143 0.866438 0.916667 0.0489694 0.527525 0.8125 24 
desc plego 137.75 108.25 38.8909 19.799 -45 139 127 0 0 0 0 0 0 0 27.2791 255 2.76744 0 0 0 0 0 0 0.205833 0.981384 0.509091 0.0566026 0.471147 0.801948 38.8909 137 96 0.140333 0.89231 0.913043 0.0530155 0.628579 0.871636 23 123 109 0.139167 0.967474 0.913043 0.0651665 0.612546 0.864389 23 
desc plego 211 79.5 36 19 0 211.5 90 0 0 0 0 0 0 0 27.1175 255 5.70896 0 0 0 0 0 0 0.173833 0.933312 0.527778 0.0482937 0.460218 0.762427 36 212 74.5 0.121333 0.85151 0.869565 0.0446557 0.516988 0.791304 23 194 74.5 0.119667 0.904156 0.869565 0.0501271 0.509886 0.780435 23 
desc ylego 130.436 107.648 22.0924 23.0762 -10.3048 130 121 1.79577 95.1761 255 27.8345 7.1831 0 2.69366 0.897887 0.897887 0.897887 0 0 0.897887 1.79577 0 0 0.127 1 0.957364 0.0693885 0.636478 0.74734 23.0762 120.5 97.5 0.096 0.909592 0.538462 0.0475822 0.476749 0.791209 26 124 107.5 0.0921667 0.88066 0.56 0.0453986 0.505063 0.79 25 
desc ylego 187.297 82.4414 17.9378 13.6195 -85.2364 187.5 92 0 17.3864 255 9.27273 3.47727 0 0 0 0 0 0 0 0 0 0 0 0.0725 1 0.759259 0.0660239 0.598707 0.890286 17.9378 180.5 73 0.0551667 0.978011 0.6875 0.0562492 0.526856 0.940341 16 180 82 0.0523333 0.94184 0.647059 0.0535586 0.533778 0.839572 17 
desc ylego 167.671 102.709 17.8169 21.7316 -17.5256 168 115 29.7897 255 172.78 23.8318 2.38318 0 0 0 0 0 0 0 0 0 3.57477 1.19159 0.117 1 0.819861 0.0652756 0.581055 0.906528 21.7316 158.5 93 0.0846667 0.910649 0.590909 0.0492716 0.551743 0.888112 22 162 103 0.079 0.876798 0.565217 0.0449311 0.477617 0.792642 23 
desc ylego 154.242 105.801 19.3913 20.795 -81.0274 155 118 58.3245 189.894 255 18.9894 6.78191 2.71277 1.35638 6.78191 1.35638 1.35638 0 1.35638 0 0 0 8.1383 0.121333 1 0.9325 0.0676088 0.61458 0.902681 20.795 140.5 100.5 0.0828333 0.949779 0.5 0.0513633 0.486309 0.862847 24 150.5 101.5 0.0846667 0.936399 0.5 0.0516269 0.482836 0.881944 24 
desc ylego 210.08 108.56 26.4 18.8 -53.1301 210.5 123 0 19.7727 255 23.1818 2.72727 2.04545 0 0 0 0.681818 0 0 0 0 0 0 0.1315 1 0.712121 0.0678777 0.60616 0.79485 26.4 207.5 98 0.0915 0.948301 0.681818 0.0573013 0.598811 0.831818 22 199 109 0.0891667 0.868651 0.714286 0.0472863 0.590147 0.849206 21 
desc ylego 89.1265 111.356 21.8585 20.5547 -85.6013 90 123 9.18 94.86 255 37.74 9.18 1.02 8.16 6.12 0 0 0 0 0 1.02 1.02 4.08 0.119833 1 0.940351 0.0690738 0.660745 0.800144 21.8585 84 101 0.091 0.985089 0.565217 0.0602498 0.519909 0.913043 23 83 111 0.0796667 0.935622 0.565217 0.0502424 0.470223 0.799331 23 
desc ylego 100.404 103.089 15.0624 26.8144 -24.444 100 118 2.25 24.75 255 15.75 0 0 0 0 0 0 0 0 0 0 0 0 0.1225 1 0.561728 0.0614646 0.495582 0.9099 26.8144 90 92 0.0825 0.883123 0.789474 0.0499595 0.577893 0.868421 19 96 104 0.0803333 0.911261 0.789474 0.0524289 0.586686 0.845614 19 
desc ylego 229.058 97.3757 20.6798 18.8551 -8.74616 229.5 109 77.4684 200.127 255 20.981 1.61392 0 0 0 0 0 0 0 0 0 0 4.84177 0.103 1 0.911765 0.0712847 0.665812 0.792472 20.6798 225.5 92.5 0.0711667 0.900496 0.5 0.0420995 0.427965 0.741319 24 217 92.5 0.0771667 0.880817 0.521739 0.044605 0.480683 0.838768 23 
desc ylego 51.9469 115.949 16.534 25.1037 -27.7585 53 129 2.53311 55.7285 255 24.4868 3.37748 0.844371 0 0 0 0 0 0 0 0 0 0.844371 0.119833 1 0.658627 0.0642039 0.549639 0.866129 25.1037 42 105 0.088 0.860519 0.714286 0.046368 0.585656 0.838095 21 49.5 117 0.0873333 0.94192 0.75 0.0545335 0.562745 0.873333 20 
desc ylego 87.3311 84.2365 19.9946 26.1557 -54.4623 87.5 94 6.09562 255 165.598 11.1753 5.07968 2.03187 1.01594 2.03187 2.03187 2.03187 0 1.01594 0 0 2.03187 0 0.138333 1 0.764444 0.0712076 0.667847 0.79354 26.1557 74.5 75 0.104167 0.931217 0.625 0.0528854 0.554071 0.868056 24 87 82 0.0835 0.9449 0.652174 0.0528137 0.477961 0.726087 23 
desc rake 65.5178 100.011 47.5032 131.431 -31.1486 59.5 163 21.5136 83.84 255 76.8797 48.4057 23.7283 59.1625 105.986 132.878 29.7395 0.949131 0 1.58189 0.949131 1.26551 4.74566 0.889667 0.897366 0.361431 0.0213851 0.173894 0.427492 131.431 36 61.5 0.393167 0.72401 0.779412 0.0144336 0.207168 0.327275 68 73 124.5 0.608667 0.815481 0.544118 0.0379062 0.439967 0.725755 68 
desc rake 95.8717 89.3073 136.157 39.028 -74.3758 101.5 156 25.918 71.0656 255 117.049 104.508 61.8689 62.2869 69.3934 193.549 34.2787 14.2131 1.67213 1.67213 2.5082 6.68852 9.61475 0.77 0.942861 0.286639 0.0215708 0.146682 0.434706 136.157 96 49.5 0.311167 0.810312 0.455038 0.0180237 0.184997 0.341275 77.5321 79.5 119.5 0.606 0.842229 0.491584 0.038906 0.41689 0.720034 71.6674 
desc rake 153.063 62.6149 137.928 34.5064 -35.7539 156 113 52.8802 78.7327 224.447 119.862 100.472 84.6083 103.998 113.986 255 55.2304 4.70046 3.52535 5.87558 5.28802 11.7512 10.576 0.598833 0.953326 0.250177 0.0176597 0.11192 0.377462 137.928 172.5 35 0.299167 0.748594 0.37037 0.0155546 0.181305 0.41038 76.8433 119 81 0.522167 0.830583 0.439169 0.0335992 0.342447 0.676251 72.6265 
desc rake 152.342 101.281 136.685 40.0629 -80.8377 158.5 170 5.95467 52.8915 255 62.6992 60.9478 52.1909 67.9533 63.75 150.618 36.7788 8.75687 4.2033 0.700549 0.700549 0.700549 1.75137 0.734833 0.933372 0.293103 0.0195059 0.139077 0.402575 136.685 148.5 58.5 0.303167 0.778234 0.483582 0.0158641 0.182257 0.314693 77.3077 143.5 132.5 0.572167 0.845489 0.467128 0.0379731 0.384842 0.714933 71.6921 
desc rake 141.53 90.4165 41.7953 129.282 -24.9548 142.5 149 6.75 79.5 255 88.125 47.25 15.375 45 126.375 147.75 38.25 4.125 0.375 3 0.375 2.625 5.25 0.765333 0.904774 0.323288 0.0209578 0.164869 0.424921 129.282 119 50 0.3365 0.673224 0.544967 0.0131397 0.227884 0.352367 72.5054 153 117 0.549 0.760427 0.457019 0.0313303 0.400943 0.725323 70.4878 
desc rake 217.041 78.6288 119.609 39.2828 -76.6075 224 139 9.34351 50.6107 255 65.7939 27.6412 21.4122 49.8321 86.0382 155.336 22.1908 5.06107 3.89313 6.61832 3.1145 2.72519 1.94656 0.683333 0.907729 0.328428 0.0215698 0.16783 0.436302 119.609 214 41.5 0.262333 0.813901 0.499635 0.0181265 0.19657 0.320057 70.1532 206 105.5 0.469833 0.84587 0.479866 0.0384597 0.39672 0.702865 64.6453 
desc rake 88.5196 104.146 149.299 39.5985 -72.3682 94 177 21.9828 79.5043 255 124.203 91.5948 62.2845 55.3233 65.5819 193.815 35.5388 6.22845 1.09914 1.46552 4.03017 5.49569 14.2888 0.882667 0.949665 0.265228 0.0211195 0.139875 0.4479 149.299 90 61 0.3525 0.831968 0.429234 0.0186274 0.182534 0.346048 84.3772 70 138 0.687333 0.83533 0.456368 0.037186 0.392749 0.716679 79.4007 
desc rake 112.959 84.1718 164.228 32.1326 -32.2077 116.5 136 26.0891 61.8564 198.193 122.03 104.777 69.4307 92.5743 99.7277 255 39.1337 3.78713 4.20792 4.20792 4.62871 7.57426 10.9406 0.872333 0.971229 0.195659 0.0195269 0.114631 0.49592 164.228 138 55.5 0.328833 0.730193 0.321094 0.0130602 0.148812 0.388967 88.8743 68 104.5 0.659833 0.735316 0.417293 0.0256491 0.33437 0.654634 85.1251 
desc rake 171.339 80.8312 37.1706 138.668 -49.2589 175 125 11.2607 100.256 255 78.4615 27.6068 19.2521 34.8718 148.568 120.962 18.8889 9.0812 0.726496 1.45299 1.45299 4.72222 3.26923 0.619 0.930903 0.268055 0.0159254 0.112421 0.360277 138.668 135.5 47 0.327667 0.7037 0.519545 0.0138816 0.21544 0.345708 73.9794 198.5 100 0.536167 0.783981 0.377073 0.0309243 0.341007 0.754912 75.1709 
desc rake 37.5415 91.767 142.943 41.8154 -75.2113 42 162 25.9722 83.0324 255 158.588 107.431 61.7824 64.9306 84.6065 215.255 33.8426 1.96759 0.393519 0 0 0 2.75463 0.832333 0.930394 0.292532 0.0202515 0.142545 0.417754 142.943 37 49 0.335833 0.820155 0.441648 0.0184118 0.182513 0.346421 81.1489 21 124 0.700333 0.879271 0.517685 0.0435352 0.441834 0.713327 75.4286 
desc stick 156.759 80.5497 25.0755 83.3374 -1.63658 157.5 123 4.38575 47.6167 255 220.541 60.774 43.8575 67.6658 65.1597 80.8231 24.4349 12.5307 0 0 0 0 1.87961 0.396 0.978908 0.300891 0.0330263 0.202015 0.568496 83.3374 148.5 59.5 0.182667 0.899343 0.545455 0.0313158 0.299525 0.518939 44 148.5 95.5 0.355333 0.868667 0.681818 0.0468071 0.51901 0.807576 44 
desc stick 207.211 85.9662 84.9692 24.1147 -80.665 209.5 129 3.9433 27.6031 249.742 255 57.1778 34.8325 91.3531 116.327 85.4381 17.7448 10.5155 5.91495 1.97165 3.28608 2.62887 1.97165 0.4365 1 0.283805 0.0375304 0.213858 0.63909 84.9692 209 63.5 0.191333 0.823376 0.542529 0.0257175 0.274238 0.53187 44.6007 197 100.5 0.36 0.891665 0.659091 0.0500393 0.552886 0.846395 44 
desc stick 107.311 100.718 24.7926 101.967 -58.5704 112 135 5.03035 68.8771 255 108.346 29.7951 11.9954 32.8907 102.155 35.5994 11.9954 0 0 0 0 0.38695 1.93475 0.488833 1 0.243143 0.0305637 0.167148 0.580096 101.967 86 87 0.215333 0.772184 0.471698 0.0197818 0.232264 0.487547 53 121.5 108 0.443667 0.868235 0.566038 0.0456727 0.499467 0.837107 53 
desc stick 138.233 82.923 91.8348 27.6556 -65.2727 141.5 128 15.0806 46.1559 255 154.462 58.0376 63.0645 67.1774 38.3871 81.3441 14.6237 0.456989 0 0.456989 0 0 1.82796 0.492167 0.984857 0.301145 0.0341716 0.207381 0.581357 91.8348 147.5 62.5 0.214667 0.777898 0.625 0.0208181 0.245754 0.447222 48 121 97.5 0.4435 0.847198 0.6875 0.0451627 0.577293 0.839962 48 
desc stick 200.035 79.0795 24.1514 82.6194 -28.4127 208.5 119 3.29945 25.9242 255 131.978 38.1793 16.9686 31.1091 71.6451 56.5619 11.3124 7.07024 0 3.77079 2.35675 0.942699 0 0.414167 1 0.292321 0.0359025 0.21413 0.62269 82.6194 190.5 61 0.164333 0.890823 0.55814 0.0282586 0.257121 0.477713 43 202 91 0.353333 0.89914 0.638528 0.0508174 0.552837 0.859417 43.9502 
desc stick 79.6269 96.0594 26.1483 91.869 -31.2184 88.5 137 22.0798 58.4465 255 134.643 54.5501 24.2445 40.2632 48.056 74.0323 16.8846 4.32937 1.73175 0.432937 0.432937 3.4635 6.06112 0.4955 0.985499 0.284626 0.0348316 0.207596 0.618803 91.869 68 76.5 0.226333 0.884358 0.5625 0.0304799 0.278219 0.52392 48 84 109.5 0.4245 0.876808 0.645833 0.048742 0.569578 0.855847 48 
desc stick 245.027 74.7722 79.8816 27.4628 -74.389 247.5 115 5.48924 26.9472 255 127.25 43.9139 28.4442 64.3738 83.8356 41.4188 13.9726 8.98239 3.49315 4.99022 3.99217 8.98239 2.49511 0.426833 0.98795 0.343794 0.038041 0.236437 0.583698 79.8816 249 55.5 0.179333 0.801562 0.690476 0.0219469 0.247862 0.441708 42 232.5 87.5 0.3625 0.813054 0.761905 0.042233 0.598821 0.809152 42 
desc stick 153.125 99.9318 22.1368 97.7656 -41.5318 160.5 140 4.82955 70.9943 255 176.278 49.2614 15.4545 32.8409 94.1761 70.9943 16.4205 4.82955 1.93182 1.93182 0 0.965909 0.482955 0.453667 1 0.226428 0.0299809 0.168449 0.628864 97.7656 136.5 82 0.1815 0.853554 0.431373 0.0233178 0.219861 0.485294 51 162 113 0.409 0.900678 0.529412 0.0488866 0.506429 0.891068 51 
desc stick 122.05 51.1621 79.3118 26.0772 -62.2815 125 90 24.7714 60.4714 198.9 255 117.3 71.4 89.6143 48.8143 124.586 18.9429 0 0 1.45714 0 1.45714 2.91429 0.398 0.981029 0.328793 0.0359983 0.2261 0.577306 79.3118 129 32.5 0.189333 0.816702 0.642857 0.0265646 0.308455 0.500882 42 105.5 62.5 0.3475 0.87194 0.714286 0.0481426 0.578234 0.827381 42 
desc stick 226.259 57.8965 23.0866 83.959 -48.3665 231.5 91 8.72861 39.9022 255 225.697 51.1247 13.0929 18.7042 109.108 73.5697 11.2225 3.74083 1.87042 9.97555 6.23472 9.35208 10.599 0.405667 1 0.274975 0.0355284 0.206274 0.62786 83.959 209 42.5 0.178333 0.853037 0.568182 0.0264484 0.268892 0.486364 44 234.5 66.5 0.347667 0.878504 0.636364 0.0477845 0.546814 0.846591 44 
desc hook 125.886 95.7982 50.054 111.914 -25.4362 115.5 154 7.11742 27.9788 255 50.3128 25.0337 17.6708 38.2868 64.5476 81.4822 16.1983 1.96343 0.245428 0.490857 0.490857 0.981713 1.96343 0.692833 0.79655 0.447255 0.0191376 0.198851 0.371046 111.914 102.5 66.5 0.390833 0.607586 0.931034 0.0126747 0.320003 0.374361 58 128.5 114.5 0.535833 0.815875 0.586207 0.0395597 0.507946 0.815162 58 
desc hook 160.344 93.8532 100.476 50.3817 -73.3008 171 149 7.69142 28.6949 255 73.9559 27.2158 13.9037 40.5278 80.464 86.3805 20.7077 3.84571 0.591647 0 0.295824 2.66241 1.47912 0.651333 0.814972 0.50143 0.0200764 0.212021 0.386002 100.476 159.5 63.5 0.343167 0.6037 0.962963 0.0122818 0.333465 0.366631 54 161 112.5 0.482 0.901663 0.518135 0.0468195 0.426078 0.749223 61.032 
desc hook 224.507 84.3717 95.9746 48.8986 -60.4885 234.5 134 6.92143 23.3143 255 112.564 39.3429 16.3929 42.6214 101.271 93.2571 24.7714 3.27857 4.00714 2.91429 4.73571 5.46429 5.46429 0.549333 0.80556 0.509495 0.0194044 0.202779 0.35116 95.9746 228 57.5 0.319833 0.6025 0.943396 0.0125822 0.35881 0.362075 53 217.5 98.5 0.450333 0.884428 0.534884 0.0470019 0.481843 0.758904 57.6906 
desc hook 227.699 84.517 40.7459 124.727 -52.2243 224.5 136 13.6193 55.0568 255 121.994 36.8011 20.5739 22.3125 95.9148 96.4943 11.3011 2.89773 0.869318 2.02841 2.02841 3.76705 2.31818 0.769167 0.776957 0.326679 0.0179845 0.177664 0.454042 124.727 192.5 60.5 0.3615 0.562768 0.669967 0.0107841 0.302836 0.390187 64.4098 245 99.5 0.599167 0.837044 0.511138 0.0417152 0.493888 0.852089 64.2426 
desc hook 84.6026 104.798 54.4366 114.517 -22.9541 72.5 165 15.0987 42.1805 255 44.0977 26.3628 23.2472 36.9079 72.1382 82.6833 18.6936 1.91729 0.718985 0.479323 0.239662 1.67763 5.99154 0.783167 0.806482 0.475357 0.0204463 0.214763 0.376889 114.517 61 73 0.418833 0.61545 0.966102 0.0125281 0.315095 0.373625 59 86.5 125 0.5585 0.861335 0.576271 0.0448432 0.52104 0.835244 59 
desc hook 133.335 91.5878 114.832 46.2642 -42.847 138.5 143 14.9427 39.3057 255 64.3185 39.9554 24.0382 44.1783 67.8917 128.637 35.4076 4.87261 0.974522 1.6242 1.29936 3.24841 3.57325 0.723167 0.839739 0.402887 0.0209047 0.194764 0.408369 114.832 145.5 65 0.334833 0.644968 0.736011 0.0135282 0.312226 0.354675 62.0322 114 106 0.523333 0.828533 0.519344 0.0398416 0.454142 0.751333 63.4316 
desc hook 211.239 72.431 42.0288 102.994 -33.354 203 128 13.1949 39.8917 255 86.8412 20.8664 12.5812 22.4007 91.1372 91.7509 15.9567 3.68231 4.29603 2.14801 1.22744 3.98917 6.44404 0.534167 0.783758 0.408069 0.0169456 0.176871 0.370201 102.994 185 47 0.351667 0.582404 0.886792 0.0128012 0.355127 0.423525 53 216 88 0.447667 0.868907 0.54717 0.0443161 0.496724 0.87378 53 
desc hook 263.653 66.3354 46.253 97.0797 -18.189 255.5 117 14.0029 41.2717 255 141.134 38.3237 18.7934 30.9538 122.341 92.8613 19.8988 2.57948 1.84249 4.05347 3.31647 3.31647 6.63295 0.688 0.781341 0.476443 0.0233469 0.262831 0.459665 97.0797 245 40 0.358333 0.607222 0.960784 0.0142718 0.368001 0.430172 51 263 83 0.470833 0.807494 0.647059 0.0405001 0.56517 0.839275 51 
desc hook 67.4355 109.96 116.633 54.8231 -86.4604 67.5 169 23.5915 40.8212 255 71.0395 38.9657 29.9532 46.9179 65.738 108.945 33.1341 4.24116 0.530146 0.795218 0.530146 2.9158 14.0489 0.863167 0.834611 0.470049 0.021684 0.220027 0.404979 116.633 57 74.5 0.4235 0.684062 0.954545 0.0150854 0.285516 0.359261 60.8673 56.5 133.5 0.608167 0.948363 0.6 0.0544733 0.536287 0.844676 60 
desc hook 173.944 116.869 116.743 51.0067 -79.5793 173.5 173 9.78933 35.3371 255 43.9326 24.5927 16.236 32.2331 55.8708 82.1348 17.4298 3.58146 2.38764 0.955056 0 1.43258 1.67135 0.697167 0.818664 0.436913 0.0188017 0.182825 0.351236 116.743 167 82.5 0.3875 0.653378 0.916667 0.0135062 0.292855 0.352273 60 160 140.5 0.533167 0.906286 0.55 0.0481158 0.486877 0.807828 60 
