descMin sycup 1 0.807407 0.0638706 0.616077 0.864498 0.860894 0.588235 0.0444862 0.56023 0.858088 
descMin sycup 1 0.717593 0.0712426 0.658868 0.833274 0.932465 0.666667 0.0576918 0.641228 0.844167 
descMin sycup 1 0.851662 0.0715517 0.698513 0.78661 0.899518 0.606061 0.0528725 0.598514 0.871212 
descMin sycup 1 0.862714 0.0639926 0.611172 0.816705 0.909215 0.62069 0.0509807 0.579971 0.911877 
descMin sycup 1 0.726606 0.0705704 0.656572 0.888115 0.939108 0.689655 0.05782 0.619375 0.87069 
descMin sycup 1 0.848485 0.0725675 0.695971 0.77381 0.975166 0.62069 0.0575746 0.504995 0.768199 
descMin sycup 1 0.764565 0.0712541 0.633784 0.766674 0.939377 0.75 0.0565328 0.573568 0.817057 
descMin sycup 1 0.771676 0.0659901 0.63628 0.780141 0.882033 0.740741 0.0474616 0.553528 0.814815 
descMin sycup 1 0.767584 0.0716398 0.68659 0.852455 0.866771 0.638889 0.0481455 0.591024 0.830314 
descMin sycup 1 0.795024 0.0711283 0.710768 0.799229 0.906421 0.625 0.0528088 0.584545 0.847656 
descMin pear 1 0.987768 0.071122 0.661278 0.853571 0.890997 0.5 0.0452768 0.481142 0.833984 
descMin pear 1 0.721411 0.0687141 0.57394 0.739507 0.889669 0.678571 0.043022 0.443098 0.701128 
descMin pear 1 0.745223 0.0705047 0.622738 0.778485 0.881103 0.636364 0.0450155 0.494873 0.743867 
descMin pear 1 0.80677 0.0687638 0.588046 0.729551 0.910342 0.633333 0.0460688 0.426425 0.704386 
descMin pear 1 0.69697 0.0699186 0.596182 0.739789 0.897472 0.666667 0.051121 0.590207 0.804527 
descMin pear 1 0.97479 0.074707 0.807995 0.841683 0.938791 0.515152 0.0523092 0.502231 0.860071 
descMin pear 1 0.942184 0.0714382 0.615029 0.777158 0.918902 0.516129 0.0510203 0.50426 0.827621 
descMin pear 1 0.659899 0.0688381 0.579628 0.762808 0.924467 0.69697 0.0543794 0.553844 0.781291 
descMin pear 1 0.847866 0.0715827 0.730254 0.754302 0.937599 0.551724 0.0513807 0.455359 0.786638 
descMin pear 1 0.698643 0.0663895 0.54126 0.713117 0.868752 0.724138 0.0398838 0.404377 0.665025 
descMin orange 1 0.939086 0.0746834 0.816259 0.844423 0.955518 0.516129 0.0537058 0.503452 0.834677 
descMin orange 1 0.900826 0.074588 0.813575 0.858907 0.947798 0.516129 0.0530846 0.486625 0.851815 
descMin orange 1 0.851319 0.0742051 0.779931 0.857551 0.951212 0.567568 0.0548821 0.515993 0.837194 
descMin orange 0.989179 0.833333 0.0676668 0.67395 0.778667 0.907501 0.586207 0.0511624 0.500267 0.8286 
descMin orange 1 0.989247 0.07532 0.850485 0.805648 0.92315 0.5 0.0486439 0.44798 0.74654 
descMin orange 1 0.987879 0.074807 0.824327 0.84518 0.954086 0.5 0.0532828 0.481044 0.846021 
descMin orange 1 0.978873 0.074997 0.82218 0.794787 0.930387 0.5 0.0507438 0.475682 0.870117 
descMin orange 1 0.913043 0.0746816 0.83286 0.786031 0.897631 0.529412 0.0462849 0.481062 0.767974 
descMin orange 1 0.84375 0.0745528 0.770669 0.797454 0.886224 0.580645 0.0479478 0.527784 0.804659 
descMin orange 1 0.963455 0.0752104 0.821732 0.820415 0.936535 0.551724 0.0531883 0.540849 0.895474 
descMin ocup 1 0.928881 0.0675137 0.645882 0.814916 0.92281 0.571429 0.0509157 0.530021 0.871429 
descMin ocup 1 0.868941 0.0728789 0.754049 0.790447 0.931887 0.589744 0.0530669 0.52704 0.779264 
descMin ocup 1 0.837744 0.070409 0.696011 0.7867 0.917502 0.641026 0.0516819 0.506738 0.765641 
descMin ocup 1 0.778788 0.0726371 0.717721 0.864394 0.916909 0.69697 0.0541075 0.610816 0.86166 
descMin ocup 1 0.900709 0.0726379 0.748021 0.797249 0.928727 0.55 0.0561741 0.552069 0.849432 
descMin ocup 1 0.943434 0.0677321 0.624374 0.860424 0.91828 0.538462 0.0506869 0.528681 0.873016 
descMin ocup 1 0.92351 0.0671965 0.666563 0.803546 0.913409 0.611111 0.0509398 0.55297 0.852273 
descMin ocup 1 0.930147 0.0739593 0.769373 0.768353 0.905872 0.5 0.0462926 0.457229 0.794218 
descMin ocup 1 0.916031 0.0712165 0.697771 0.869345 0.938794 0.547619 0.0540436 0.526903 0.890787 
descMin ocup 1 0.836364 0.0711781 0.711884 0.845726 0.881636 0.594595 0.048405 0.559086 0.857494 
descMin ycup 1 0.935927 0.0657167 0.614715 0.877392 0.887726 0.512195 0.0447547 0.501515 0.890825 
descMin ycup 1 0.926745 0.0695667 0.679046 0.783132 0.84901 0.574468 0.0429946 0.512394 0.840426 
descMin ycup 1 0.76277 0.0611769 0.546194 0.860119 0.92314 0.621622 0.046861 0.467393 0.79671 
descMin ycup 1 0.860465 0.072083 0.748859 0.857637 0.977397 0.638889 0.0636489 0.611125 0.868357 
descMin ycup 1 0.99585 0.0742482 0.785074 0.795868 0.903036 0.5 0.0477098 0.495574 0.850592 
descMin ycup 1 0.904118 0.0691341 0.668361 0.835418 0.940337 0.531915 0.0549306 0.527564 0.903404 
descMin ycup 1 0.781217 0.0615181 0.589072 0.871585 0.939599 0.615385 0.051249 0.494936 0.85844 
descMin ycup 1 0.930948 0.0739404 0.760379 0.808481 0.856833 0.531915 0.0420007 0.453861 0.774043 
descMin ycup 1 0.931135 0.0733307 0.768022 0.795788 0.955122 0.52 0.0538168 0.511792 0.845 
descMin ycup 1 0.9088 0.0730331 0.737038 0.864649 0.918593 0.590909 0.0533521 0.563167 0.872378 
descMin lemon 1 0.850932 0.0745563 0.781856 0.795575 0.955106 0.538462 0.0553154 0.523301 0.81456 
descMin lemon 1 0.837209 0.0743912 0.728192 0.777072 0.938682 0.56 0.0553154 0.527959 0.847143 
descMin lemon 1 0.888031 0.0746332 0.807351 0.797633 0.932708 0.52 0.0513208 0.464809 0.787692 
descMin lemon 1 0.835476 0.0740324 0.716676 0.811441 0.898855 0.5625 0.048988 0.528595 0.802083 
descMin lemon 1 0.875 0.0745695 0.75086 0.794754 0.974408 0.608696 0.0593904 0.552514 0.847826 
descMin lemon 1 0.8875 0.0747318 0.759364 0.816774 0.930851 0.52 0.0507865 0.458716 0.753846 
descMin lemon 1 0.909091 0.0718204 0.663702 0.775757 0.970645 0.5 0.0554226 0.447528 0.785503 
descMin lemon 1 0.856369 0.0745723 0.704719 0.780977 0.886672 0.5625 0.0457619 0.479827 0.713542 
descMin lemon 1 0.782288 0.074163 0.707754 0.802688 0.945856 0.636364 0.0561285 0.565505 0.866883 
descMin lemon 1 0.88172 0.074562 0.771363 0.809205 0.943165 0.565217 0.0533521 0.528234 0.834448 
descMin yball 1 1 0.0752132 0.821728 0.844233 0.977623 0.516129 0.0565695 0.4874 0.794355 
descMin yball 1 0.968831 0.0749411 0.794314 0.804136 0.924852 0.484848 0.0514354 0.45612 0.819129 
descMin yball 1 0.964539 0.0746244 0.775532 0.809117 0.966751 0.517241 0.054408 0.47481 0.829885 
descMin yball 1 0.96875 0.075119 0.796837 0.814516 0.897155 0.514286 0.0486906 0.51416 0.838889 
descMin yball 1 0.967742 0.0752983 0.849326 0.834409 0.92188 0.485714 0.0507142 0.498442 0.861345 
descMin yball 1 0.963415 0.0747115 0.815908 0.866828 0.971763 0.535714 0.0569745 0.52673 0.85119 
descMin yball 1 0.967742 0.0753681 0.815498 0.810215 0.849004 0.5 0.0415542 0.468683 0.805363 
descMin yball 1 0.908257 0.0751005 0.830274 0.801733 0.960549 0.53125 0.055116 0.500696 0.847426 
descMin yball 1 0.946844 0.0752112 0.818175 0.814536 0.885888 0.5 0.0436065 0.450679 0.804444 
descMin yball 1 0.91018 0.0751777 0.765568 0.805586 0.935184 0.514286 0.0519756 0.498597 0.849206 
descMin bball 0.994824 0.791667 0.0672116 0.630559 0.748904 0.927411 0.608696 0.0532756 0.52841 0.858696 
descMin bball 1 0.971429 0.0755934 0.804541 0.798611 0.9061 0.481481 0.0476003 0.4554 0.789174 
descMin bball 1 1 0.0747283 0.819623 0.8175 0.987744 0.52381 0.0597543 0.520237 0.874459 
descMin bball 1 0.941176 0.0750362 0.804559 0.793182 0.931279 0.541667 0.052156 0.531596 0.847756 
descMin bball 1 0.92 0.0752099 0.816091 0.814783 0.993057 0.652174 0.0638301 0.604123 0.865217 
descMin bball 1 0.962655 0.0750807 0.781141 0.830045 0.882504 0.518519 0.0453424 0.487141 0.812169 
descMin bball 1 0.916667 0.073841 0.805604 0.835227 0.987043 0.541667 0.0591113 0.488499 0.834936 
descMin bball 0.988323 0.76 0.0649967 0.67565 0.724811 0.89789 0.65 0.0476727 0.490485 0.705769 
descMin bball 1 0.821782 0.0739228 0.798818 0.835471 0.891008 0.625 0.0476714 0.52244 0.794444 
descMin bball 1 1 0.0750181 0.788552 0.821281 0.966824 0.52 0.0571345 0.532622 0.876923 
descMin wball 1 1 0.0742758 0.704634 0.810814 0.882378 0.521739 0.0437203 0.442697 0.708333 
descMin wball 1 0.940887 0.074913 0.791143 0.841384 0.926757 0.545455 0.0524707 0.536493 0.854167 
descMin wball 1 1 0.0753138 0.841515 0.805351 0.955659 0.52381 0.0553996 0.506072 0.850649 
descMin wball 1 0.991803 0.0749855 0.812569 0.840909 0.92641 0.526316 0.0481793 0.453638 0.75 
descMin wball 1 1 0.0751845 0.822495 0.819444 0.986334 0.526316 0.0592173 0.512531 0.847368 
descMin wball 1 0.969697 0.074893 0.819587 0.811027 0.963161 0.5 0.0538997 0.463628 0.79 
descMin wball 1 0.946078 0.0749629 0.793884 0.814906 0.859426 0.52 0.039516 0.428389 0.718462 
descMin wball 1 0.89726 0.0744624 0.754273 0.795749 0.965958 0.578947 0.0574911 0.541126 0.856459 
descMin wball 1 1 0.0751331 0.827714 0.8 0.95658 0.545455 0.049792 0.423236 0.679924 
descMin wball 1 1 0.0746567 0.801159 0.83737 0.99167 0.588235 0.0612686 0.542743 0.835294 
descMin plego 1 0.499495 0.06391 0.481992 0.805892 0.930527 0.956522 0.0577675 0.608517 0.854743 
descMin plego 0.954542 0.533074 0.0511147 0.435366 0.743694 0.833574 0.875 0.0440716 0.558191 0.6875 
descMin plego 0.971918 0.535565 0.0556734 0.502087 0.837735 0.886494 0.88 0.04835 0.522518 0.839091 
descMin plego 0.95381 0.542373 0.0560814 0.478808 0.761123 0.891006 0.884615 0.0501685 0.562285 0.795151 
descMin plego 0.951508 0.541209 0.0530419 0.464077 0.739027 0.871815 0.913043 0.0511805 0.57332 0.776398 
descMin plego 0.966751 0.572626 0.057499 0.511102 0.770122 0.920268 0.791667 0.0521358 0.516828 0.816886 
descMin plego 0.960513 0.666667 0.0542084 0.499049 0.743353 0.920972 0.939623 0.0536813 0.505504 0.741699 
descMin plego 0.945291 0.513393 0.0497034 0.431601 0.726575 0.826607 0.875 0.0439804 0.591096 0.78373 
descMin plego 0.981384 0.509091 0.0566026 0.471147 0.801948 0.89231 0.913043 0.0530155 0.628579 0.871636 
descMin plego 0.933312 0.527778 0.0482937 0.460218 0.762427 0.85151 0.869565 0.0446557 0.516988 0.791304 
descMin ylego 1 0.957364 0.0693885 0.636478 0.74734 0.909592 0.538462 0.0475822 0.476749 0.791209 
descMin ylego 1 0.759259 0.0660239 0.598707 0.890286 0.978011 0.6875 0.0562492 0.526856 0.940341 
descMin ylego 1 0.819861 0.0652756 0.581055 0.906528 0.910649 0.590909 0.0492716 0.551743 0.888112 
descMin ylego 1 0.9325 0.0676088 0.61458 0.902681 0.949779 0.5 0.0513633 0.486309 0.862847 
descMin ylego 1 0.712121 0.0678777 0.60616 0.79485 0.948301 0.681818 0.0573013 0.598811 0.831818 
descMin ylego 1 0.940351 0.0690738 0.660745 0.800144 0.985089 0.565217 0.0602498 0.519909 0.913043 
descMin ylego 1 0.561728 0.0614646 0.495582 0.9099 0.883123 0.789474 0.0499595 0.577893 0.868421 
descMin ylego 1 0.911765 0.0712847 0.665812 0.792472 0.900496 0.5 0.0420995 0.427965 0.741319 
descMin ylego 1 0.658627 0.0642039 0.549639 0.866129 0.860519 0.714286 0.046368 0.585656 0.838095 
descMin ylego 1 0.764444 0.0712076 0.667847 0.79354 0.931217 0.625 0.0528854 0.554071 0.868056 
descMin rake 0.897366 0.361431 0.0213851 0.173894 0.427492 0.72401 0.779412 0.0144336 0.207168 0.327275 
descMin rake 0.942861 0.286639 0.0215708 0.146682 0.434706 0.810312 0.455038 0.0180237 0.184997 0.341275 
descMin rake 0.953326 0.250177 0.0176597 0.11192 0.377462 0.748594 0.37037 0.0155546 0.181305 0.41038 
descMin rake 0.933372 0.293103 0.0195059 0.139077 0.402575 0.778234 0.483582 0.0158641 0.182257 0.314693 
descMin rake 0.904774 0.323288 0.0209578 0.164869 0.424921 0.673224 0.544967 0.0131397 0.227884 0.352367 
descMin rake 0.907729 0.328428 0.0215698 0.16783 0.436302 0.813901 0.499635 0.0181265 0.19657 0.320057 
descMin rake 0.949665 0.265228 0.0211195 0.139875 0.4479 0.831968 0.429234 0.0186274 0.182534 0.346048 
descMin rake 0.971229 0.195659 0.0195269 0.114631 0.49592 0.730193 0.321094 0.0130602 0.148812 0.388967 
descMin rake 0.930903 0.268055 0.0159254 0.112421 0.360277 0.7037 0.519545 0.0138816 0.21544 0.345708 
descMin rake 0.930394 0.292532 0.0202515 0.142545 0.417754 0.820155 0.441648 0.0184118 0.182513 0.346421 
descMin stick 0.978908 0.300891 0.0330263 0.202015 0.568496 0.899343 0.545455 0.0313158 0.299525 0.518939 
descMin stick 1 0.283805 0.0375304 0.213858 0.63909 0.823376 0.542529 0.0257175 0.274238 0.53187 
descMin stick 1 0.243143 0.0305637 0.167148 0.580096 0.772184 0.471698 0.0197818 0.232264 0.487547 
descMin stick 0.984857 0.301145 0.0341716 0.207381 0.581357 0.777898 0.625 0.0208181 0.245754 0.447222 
descMin stick 1 0.292321 0.0359025 0.21413 0.62269 0.890823 0.55814 0.0282586 0.257121 0.477713 
descMin stick 0.985499 0.284626 0.0348316 0.207596 0.618803 0.884358 0.5625 0.0304799 0.278219 0.52392 
descMin stick 0.98795 0.343794 0.038041 0.236437 0.583698 0.801562 0.690476 0.0219469 0.247862 0.441708 
descMin stick 1 0.226428 0.0299809 0.168449 0.628864 0.853554 0.431373 0.0233178 0.219861 0.485294 
descMin stick 0.981029 0.328793 0.0359983 0.2261 0.577306 0.816702 0.642857 0.0265646 0.308455 0.500882 
descMin stick 1 0.274975 0.0355284 0.206274 0.62786 0.853037 0.568182 0.0264484 0.268892 0.486364 
descMin hook 0.79655 0.447255 0.0191376 0.198851 0.371046 0.607586 0.931034 0.0126747 0.320003 0.374361 
descMin hook 0.814972 0.50143 0.0200764 0.212021 0.386002 0.6037 0.962963 0.0122818 0.333465 0.366631 
descMin hook 0.80556 0.509495 0.0194044 0.202779 0.35116 0.6025 0.943396 0.0125822 0.35881 0.362075 
descMin hook 0.776957 0.326679 0.0179845 0.177664 0.454042 0.562768 0.669967 0.0107841 0.302836 0.390187 
descMin hook 0.806482 0.475357 0.0204463 0.214763 0.376889 0.61545 0.966102 0.0125281 0.315095 0.373625 
descMin hook 0.839739 0.402887 0.0209047 0.194764 0.408369 0.644968 0.736011 0.0135282 0.312226 0.354675 
descMin hook 0.783758 0.408069 0.0169456 0.176871 0.370201 0.582404 0.886792 0.0128012 0.355127 0.423525 
descMin hook 0.781341 0.476443 0.0233469 0.262831 0.459665 0.607222 0.960784 0.0142718 0.368001 0.430172 
descMin hook 0.834611 0.470049 0.021684 0.220027 0.404979 0.684062 0.954545 0.0150854 0.285516 0.359261 
descMin hook 0.818664 0.436913 0.0188017 0.182825 0.351236 0.653378 0.916667 0.0135062 0.292855 0.352273 
