stick plego 2 -0.349645 -0.240597 51 181 -0.553112 -0.138781 111 116
stick plego 2 -0.547992 -0.0917235 127 114 -0.554858 0.0120459 166 112
stick plego 2 -0.572928 0.0127085 165 108 -0.548357 0.15292 213 113
stick plego 2 -0.467723 0.14607 217 135 -0.482602 0.274166 261 137
stick plego 2 -0.553712 -0.0363824 147 113 -0.581827 0.0193402 167 106
stick plego 2 -0.347992 -0.148886 94 177 -0.591343 0.0698187 182 105
stick plego 2 -0.633765 0.0576127 179 97 -0.605082 0.190658 222 102
stick plego 2 -0.554918 -0.0302127 150 112 -0.566702 0.0678762 184 109
stick plego 2 -0.518125 -0.0368326 147 123 -0.482944 0.0381143 175 132
stick plego 2 -0.419202 -0.151782 98 150 -0.460244 -0.304632 37 135
