hook sycup 1 -0.573823 -0.0213107 153 108 -0.498246 -0.167159 174 144
hook sycup 1 -0.504284 0.016869 168 125 -0.547607 -0.110592 172 143
hook sycup 1 -0.573467 -0.0414379 146 108 -0.540631 -0.167148 164 148
hook sycup 1 -0.556877 -0.110447 122 113 -0.421416 -0.229128 167 154
hook sycup 1 -0.509046 0.0795148 190 124 -0.550167 -0.0446303 167 147
hook sycup 1 -0.566992 0.0268821 169 111 -0.522896 -0.123552 169 148
hook sycup 1 -0.528828 -0.0524384 141 120 -0.615961 -0.167783 167 141
hook sycup 1 -0.60674 -0.13227 115 101 -0.665929 -0.212962 168 133
hook sycup 1 -0.527705 0.237445 244 120 -0.492675 0.087342 279 97
hook sycup 1 -0.535211 0.094592 193 118 -0.619112 -0.0271252 166 143
