stick yball 1 -0.535787 -0.0315807 148 117 -0.5243 -0.175263 97 116
stick yball 1 -0.548994 -0.123605 116 114 -0.557342 -0.270306 63 107
stick yball 1 -0.485492 0.11424 203 130 -0.473714 -0.0460731 143 134
stick yball 1 -0.481314 -0.0529108 140 131 -0.458627 -0.189344 84 141
stick yball 1 -0.628722 -0.0533334 141 97 -0.639601 -0.177364 99 96
stick yball 1 -0.564258 0.161524 215 110 -0.526824 -0.0715974 136 119
stick yball 1 -0.633511 -0.140983 113 94 -0.611675 -0.27042 66 97
stick yball 1 -0.469546 0.154967 220 135 -0.451364 -0.0777598 131 139
stick yball 1 -0.446046 -0.0788088 130 142 -0.434259 -0.20741 76 145
stick yball 1 -0.598114 -0.101359 125 103 -0.597915 -0.233023 80 101
