rake lemon 4 -0.648672 0.0752549 183 94 -0.813228 -0.0104911 159 65
rake lemon 4 -0.627861 -0.0182384 153 96 -0.66278 -0.166638 108 87
rake lemon 4 -0.594508 -0.234776 79 101 -0.656234 -0.334844 51 85
rake lemon 4 -0.61946 0.0874695 187 98 -0.6064 -0.189717 94 102
rake lemon 4 -0.613525 0.190442 221 101 -0.791453 0.223526 221 71
rake lemon 4 -0.630851 0.161595 210 97 -0.745109 -0.225522 92 72
rake lemon 4 -0.668985 0.11298 194 89 -0.808845 0.244111 224 70
rake lemon 4 -1.2806 0.189435 192 20 -0.841659 -0.0888502 135 60
rake lemon 4 -0.60239 -0.179138 99 101 -0.796053 -0.166522 113 65
rake lemon 4 -0.5666 -0.35973 29 110 -0.685269 -0.459698 9 84
