stick pear 4 -0.544487 -0.0633182 138 115 -0.60669 0.0162736 166 101
stick pear 4 -0.47265 -0.0822428 129 135 -0.663165 -0.117475 123 88
stick pear 4 -0.641548 -0.158091 107 94 -0.628432 -0.231894 83 94
stick pear 4 -0.46794 0.107392 202 135 -0.626032 -0.0236133 153 96
stick pear 4 -0.469765 0.126956 210 135 -0.79716 0.0183975 162 67
stick pear 4 -0.465841 -0.250079 60 139 -0.597438 -0.250047 72 104
stick pear 4 -0.537805 -0.166039 100 118 -0.578112 -0.209579 87 105
stick pear 4 -0.49912 0.0752867 189 128 -0.641373 0.0446819 175 94
stick pear 4 -0.433969 -0.0120631 157 147 -0.576599 -0.0357241 148 107
stick pear 4 -0.622729 -0.101704 126 98 -0.602246 -0.0620544 141 101
