stick bball 2 -0.509757 -0.180962 92 124 -0.54631 -0.0888525 130 114
stick bball 2 -0.54953 -0.0916965 126 113 -0.571433 0.0314146 172 109
stick bball 2 -0.570373 0.0290347 170 109 -0.587994 0.0664925 182 105
stick bball 2 -0.581766 0.0615067 181 107 -0.630133 0.194651 220 97
stick bball 2 -0.541341 -0.0853792 130 115 -0.634393 0.0406387 171 95
stick bball 2 -0.458826 -0.274352 49 138 -0.496413 -0.187823 89 124
stick bball 2 -0.458366 -0.187525 86 138 -0.495788 -0.0620183 139 127
stick bball 2 -0.484684 -0.0560109 139 131 -0.568881 0.0481332 177 109
stick bball 2 -0.485601 -0.199539 301 43 -0.594255 -0.0349427 148 103
stick bball 2 -0.501795 -0.122575 103 126 -0.604847 0.00219994 162 101
