stick yball 3 -0.5388 -0.165886 95 27 -0.552291 -0.154855 105 114
stick yball 3 -0.558508 -0.00472597 162 113 -0.57096 -0.00273982 161 109
stick yball 3 -0.583606 0.120983 202 106 -0.587987 0.118206 200 104
stick yball 3 -0.474901 0.127995 208 133 -0.423282 0.139222 218 151
stick yball 3 -0.607856 0.0170774 167 100 -0.625955 0.0126627 166 99
stick yball 3 -0.578994 -0.134605 112 105 -0.580225 -0.127406 115 107
stick yball 3 -0.526128 -0.193239 94 118 -0.533134 -0.185208 92 119
stick yball 3 -0.607425 -0.0335287 145 99 -0.612119 -0.0416928 146 100
stick yball 3 -0.520606 0.0977878 195 125 -0.532662 0.0890666 192 119
stick yball 3 -0.496048 0.0930498 197 126 -0.499981 0.0939298 196 128
